115.30	-15.14	5.751	34.622
105.99	-8.00	6.447	34.719
126.82	-47.78	7.425	34.455
37.86	19.72	9999.000	9999.000
93.35	-31.21	7.085	34.486
94.84	-51.36	2.523	34.513
92.30	-34.77	5.001	34.395
41.34	-32.91	9.087	34.684
135.81	-49.81	3.586	34.248
76.99	-33.98	9.240	34.680
95.64	-40.19	7.886	34.531
95.61	-42.86	7.559	34.510
62.15	-6.10	7.515	34.880
50.50	-57.62	1.849	34.721
59.81	12.48	9.948	35.447
139.48	-38.70	6.822	34.442
42.29	-19.40	6.858	34.569
71.54	-14.11	6.652	34.707
54.16	-31.04	9.459	34.755
68.76	-51.76	2.448	34.583
95.45	-29.52	7.728	34.526
68.25	-10.63	7.423	34.800
84.26	-37.25	8.267	34.589
33.02	-30.12	9.463	34.724
101.90	-23.93	6.154	34.487
82.05	0.82	8.096	34.906
59.99	21.67	10.033	35.526
83.91	15.87	7.937	34.978
84.14	-7.93	6.521	34.754
67.81	6.31	8.687	35.152
86.48	-3.72	9999.000	9999.000
37.91	19.92	9999.000	9999.000
48.21	-30.21	7.976	34.579
36.67	-39.65	7.987	34.575
69.55	13.40	9.451	35.387
84.71	-17.69	6.018	34.547
62.32	-6.28	7.406	34.827
89.23	-19.22	6.437	34.600
43.41	-52.80	2.111	34.703
55.59	16.72	10.591	35.612
102.66	-31.62	6.587	34.445
143.67	-48.73	5.907	34.375
46.89	12.80	11.735	36.014
136.83	-42.41	6.728	34.449
98.35	-45.75	3.395	34.327
99.03	-54.00	2.277	34.650
84.71	14.42	7.835	34.989
111.81	-46.87	6.770	34.449
108.29	-45.31	8.212	34.532
82.22	-15.39	6.490	34.742
122.33	-48.92	3.511	34.304
83.20	-0.35	7.643	35.020
122.50	-63.72	1.333	34.724
50.19	-19.93	6.919	34.534
36.88	23.05	9999.000	9999.000
45.07	-31.89	9.361	34.727
71.03	-52.70	2.379	34.611
87.01	-51.97	2.230	34.660
78.15	-20.95	7.468	34.522
100.15	-52.51	2.479	34.589
78.62	-45.68	3.707	34.342
65.49	19.44	10.284	35.536
86.26	-54.27	2.209	34.759
77.12	-20.46	7.186	34.510
86.59	-58.97	1.971	34.719
99.04	-18.54	6.225	34.661
71.34	9.94	8.830	35.159
56.48	-20.19	7.354	34.618
117.14	-40.89	7.944	34.533
106.32	-15.29	5.994	34.657
97.34	-55.87	2.398	34.634
104.46	-49.39	2.319	34.689
95.76	-49.70	2.853	34.357
135.29	-39.82	6.351	34.464
89.94	-27.35	7.431	34.337
135.62	-50.24	4.251	34.321
109.73	-42.11	7.767	34.511
110.69	-52.19	2.295	34.663
111.38	-12.37	6.723	34.713
95.39	-19.36	6.093	34.692
88.80	18.23	8.066	34.980
144.19	-47.75	7.111	34.454
58.07	12.05	9.523	36.223
68.37	12.93	9.550	35.368
41.12	-5.08	7.897	34.985
74.62	6.01	8.058	35.024
55.02	3.37	8.483	35.191
72.05	0.04	8.505	35.039
124.18	-55.62	2.367	34.621
114.20	-57.02	2.339	34.639
114.76	-37.70	6.990	34.470
54.60	12.61	10.122	35.607
71.05	-3.94	7.140	34.870
69.25	-28.61	9.193	34.682
92.11	-33.01	5.128	34.410
58.16	18.02	10.438	35.687
124.20	-52.68	2.580	34.478
58.09	2.12	8.908	35.187
85.73	4.34	8.271	34.971
56.50	-20.87	7.472	34.549
64.61	3.20	8.425	35.143
109.64	-34.18	9999.000	9999.000
52.30	-38.48	10.994	34.929
54.35	-9.28	6.928	31.484
111.80	-31.69	6.526	34.435
59.35	-25.20	8.570	34.628
72.28	-21.65	8.001	34.556
76.75	-26.17	8.314	34.585
138.23	-57.57	2.354	34.638
132.93	-48.93	7.249	34.435
45.19	-34.52	8.510	34.641
98.35	-12.62	6.388	34.662
86.17	-37.34	9.678	34.733
93.21	-16.04	6.278	34.689
41.08	-44.89	3.047	34.382
47.44	0.34	8.284	35.084
49.91	-6.14	7.052	34.834
43.32	-10.57	7.027	34.697
76.98	1.20	8.259	36.184
98.62	-1.72	7.594	34.973
82.04	-0.73	7.741	35.000
66.55	17.93	10.483	35.571
45.35	-44.60	2.966	34.355
100.51	-45.44	5.455	34.370
83.49	-17.48	6.208	34.642
52.78	-12.39	6.842	34.755
92.04	0.97	7.767	34.989
69.83	-36.19	9.403	34.721
20.55	-52.73	1.560	34.728
29.97	-31.70	6.806	34.614
113.83	-30.61	5.463	34.405
83.53	-54.73	1.761	34.765
107.05	-44.62	8.006	34.533
69.06	18.41	10.237	35.527
112.52	-11.16	6.579	25.385
63.86	18.78	10.338	35.554
64.67	14.05	9.859	35.421
75.92	-10.88	7.194	34.749
78.31	-50.72	2.286	34.665
109.64	-34.18	9999.000	9999.000
53.44	-29.24	8.695	34.688
55.63	10.11	9999.000	9999.000
92.50	-9.58	6.493	34.759
71.97	-9.18	7.682	34.799
82.58	-4.62	7.140	34.863
112.78	-22.55	5.861	34.583
48.59	-47.77	2.370	34.400
82.09	9.98	7.881	34.978
98.39	-54.24	2.116	34.720
75.87	-6.74	6.833	28.794
106.86	-41.06	7.492	34.500
140.11	-53.43	2.419	34.608
69.01	-28.68	8.853	34.654
59.95	-49.33	2.555	34.525
142.03	-47.91	5.277	34.393
141.16	-46.44	7.503	34.470
91.34	-8.22	6.746	34.761
61.07	-37.63	9.817	34.760
71.95	-19.36	6.028	32.055
71.77	-26.54	8.638	34.614
56.22	11.75	10.939	35.494
88.14	11.08	7.832	34.988
90.51	8.57	7.630	35.024
62.36	11.92	9.579	35.495
51.89	-26.89	8.422	34.632
58.70	-13.72	6.540	34.713
66.82	15.74	9.688	35.416
137.06	-42.32	6.702	34.452
51.90	-25.41	9.502	34.730
79.82	-0.55	7.855	22.446
92.74	-0.22	7.621	34.993
62.89	12.48	9.769	35.452
51.64	2.32	8.537	35.125
137.29	-58.20	2.274	34.685
55.28	-36.66	9.680	34.764
140.67	-49.85	5.788	34.373
46.61	-27.70	9.913	34.784
37.90	-21.71	7.022	34.679
103.63	-27.59	6.433	34.439
55.06	-13.17	6.942	34.709
125.62	-36.25	6.405	34.449
70.51	-44.65	4.120	34.389
42.19	-31.21	9.050	34.697
64.44	-13.00	6.258	34.701
28.72	-49.90	2.205	34.643
113.02	-22.54	5.775	34.584
44.73	-44.22	2.867	34.352
67.07	14.53	9.727	35.413
143.44	-41.72	6.807	34.433
68.28	13.19	9.449	35.351
64.31	11.26	9.848	35.525
86.96	-0.37	7.736	34.985
90.30	1.89	7.964	35.028
73.01	-0.18	7.920	34.986
47.02	11.81	12.157	36.044
140.84	-53.95	2.400	34.629
49.61	-2.90	7.782	35.003
84.52	-26.84	7.507	31.163
53.40	16.54	10.753	35.649
41.84	-47.41	2.639	34.424
63.68	11.26	9.630	35.509
125.56	-35.21	7.937	34.531
97.89	-41.76	7.297	34.502
95.77	-40.78	6.931	34.461
126.05	-45.04	6.360	34.430
64.94	18.11	10.296	38.068
70.96	-52.65	2.362	34.622
101.60	-18.56	5.912	34.845
108.11	-36.73	7.416	34.491
67.76	8.58	8.781	35.168
61.77	3.52	8.769	35.464
85.65	-53.92	2.210	34.764
85.84	-58.87	1.858	34.731
58.27	11.78	9.103	35.262
48.40	-24.29	8.770	34.671
25.80	-47.47	2.755	34.376
134.21	-47.60	6.630	34.338
66.28	12.71	9.834	35.430
89.10	-5.43	7.577	34.893
116.59	-52.80	2.310	34.665
104.51	-49.68	2.372	34.697
97.17	-10.78	6.368	34.853
120.73	-43.31	7.730	34.549
65.54	-29.26	8.929	34.656
98.02	-57.46	1.874	34.761
35.81	-46.62	3.463	34.220
109.75	-23.85	5.227	34.461
111.23	-30.47	6.309	34.429
55.46	-29.09	9.410	0.052
90.39	-49.61	3.622	34.326
98.47	-2.45	7.471	34.978
30.35	-43.14	3.924	34.357
113.65	-55.26	2.220	34.689
30.60	-48.99	2.910	34.274
86.42	-44.13	6.415	34.400
27.64	-35.50	9.697	34.748
62.24	-37.14	9.643	35.038
132.25	-37.46	6.959	34.457
126.03	-34.08	6.985	34.468
78.51	1.13	8.043	34.993
81.10	-24.47	7.262	34.504
52.93	-46.38	2.583	34.538
97.62	-55.61	2.409	34.635
83.17	0.95	8.014	35.022
70.52	-26.21	8.236	34.583
59.60	-4.45	7.622	35.017
67.00	11.87	9.010	35.294
63.72	3.98	8.768	35.179
39.85	18.79	9999.000	9999.000
65.92	-10.22	7.044	34.816
135.44	-50.18	4.048	34.295
109.25	-21.05	5.573	34.541
56.60	1.92	8.736	35.141
72.07	-23.87	8.407	34.588
104.53	-14.30	6.229	34.653
106.60	-8.85	9999.000	9999.000
44.42	-12.14	9999.000	9999.000
53.78	2.95	8.486	35.199
100.48	-23.82	6.748	34.486
91.09	0.68	7.582	35.003
46.54	-26.38	6.336	34.533
111.27	-57.03	2.172	34.682
115.30	-53.62	2.157	34.695
102.62	-10.19	6.450	34.726
82.12	-34.58	9.074	34.658
36.92	23.03	9999.000	9999.000
71.22	9.90	8.991	35.188
100.70	-27.34	6.154	34.431
117.74	-54.94	2.429	34.601
55.64	-50.55	2.461	34.565
71.86	-21.78	7.449	34.527
66.02	-39.12	10.316	34.817
85.60	-18.68	6.019	34.501
114.31	-15.55	5.765	34.635
66.22	3.15	8.603	35.137
63.95	14.46	9.937	35.417
110.60	-18.16	5.888	34.631
67.20	21.66	10.582	35.583
81.45	0.85	8.270	34.998
80.98	-42.04	8.759	34.619
23.08	-45.97	3.368	34.311
129.69	-52.46	2.753	34.431
96.11	0.07	7.726	34.974
78.80	-21.87	7.451	34.547
67.29	11.65	9.168	35.352
65.25	-15.86	5.942	34.708
67.28	-23.08	8.543	34.605
60.88	15.63	10.443	35.550
128.71	-61.58	2.035	34.728
116.94	-46.24	5.871	34.392
79.47	2.07	9999.000	9999.000
117.97	-15.69	6.093	34.631
129.99	-59.91	2.170	34.701
131.50	-60.88	2.199	34.689
44.69	-31.16	9.286	34.712
24.45	-48.91	2.482	34.526
51.49	-22.57	7.770	34.658
131.65	-39.99	6.901	34.453
75.72	-23.82	8.526	34.623
139.17	-54.06	2.676	34.486
113.30	-17.90	6.181	34.600
80.33	-1.34	7.805	35.008
59.80	7.96	9.008	35.232
30.74	-50.17	2.780	34.388
64.94	18.22	10.211	35.516
66.24	10.23	9.242	35.398
59.86	12.02	10.070	35.484
67.55	11.59	9.099	35.281
88.91	-39.53	7.249	34.480
95.50	-16.55	6.099	34.672
36.76	-32.36	9.124	34.697
63.38	-14.34	6.580	34.723
112.75	-20.04	5.764	34.609
47.26	12.28	12.259	36.098
121.47	-55.22	2.311	34.633
120.87	-46.03	7.777	34.499
99.80	-36.20	8.183	34.556
79.47	-42.79	7.049	34.451
142.22	-50.15	6.873	34.426
126.10	-45.26	6.999	34.456
50.15	-36.42	10.009	34.794
72.38	-11.80	6.556	34.724
59.44	-30.39	8.934	34.654
76.94	-34.02	9.275	34.683
92.51	4.70	7.780	35.107
52.48	-11.26	6.381	34.832
82.35	-12.40	6.893	34.697
66.93	10.47	9.420	35.324
76.05	-9.53	6.671	34.737
95.82	-49.47	2.994	34.377
98.54	-54.41	2.097	34.726
83.87	11.83	8.086	34.987
83.51	-13.40	6.756	34.795
64.67	-38.27	10.155	34.784
103.25	-43.17	7.952	34.532
30.05	-51.31	2.352	34.681
143.54	-41.03	6.930	34.461
141.11	-46.33	7.473	34.468
136.90	-39.29	6.814	34.445
105.79	-7.71	6.665	34.751
92.43	-40.99	6.934	34.449
78.17	2.82	8.252	35.039
27.28	-43.09	4.717	34.389
126.88	-43.02	7.387	34.472
124.67	-41.18	7.674	34.524
96.31	-1.92	7.559	34.971
95.88	-61.47	1.379	34.730
92.02	0.84	7.689	34.991
104.45	-8.04	6.630	34.757
95.09	-35.31	8.359	34.570
96.34	-33.32	7.821	34.527
100.53	-56.30	2.054	34.713
60.49	-29.66	9.050	34.666
44.64	1.63	9999.000	9999.000
93.49	1.90	7.650	34.984
85.98	4.22	8.265	35.012
141.87	-62.75	1.779	34.726
49.61	-28.55	9999.000	9999.000
141.87	-62.75	9999.000	9999.000
134.18	-45.81	7.371	34.473
92.00	-16.48	6.402	35.507
70.15	-16.32	6.005	34.654
97.95	-35.09	6.224	34.446
105.53	-59.07	1.906	34.726
101.27	-5.04	6.987	34.864
79.58	-1.94	7.915	34.981
77.21	-5.21	7.363	34.887
77.69	-4.49	7.333	34.838
86.14	-3.30	7.454	34.916
86.80	-18.04	6.375	34.616
68.59	11.26	8.886	35.231
87.44	-11.61	6.433	34.976
94.03	-13.82	6.641	34.701
65.02	12.34	9.706	35.399
88.58	-17.13	6.016	34.772
137.60	-40.68	6.951	34.449
57.72	-3.93	7.327	34.950
20.49	-37.73	5.063	34.550
144.42	-12.50	5.233	34.448
53.52	-33.10	10.743	34.906
37.87	19.71	9999.000	9999.000
25.17	-36.10	10.570	34.909
84.88	-17.61	6.142	34.619
104.49	-35.54	7.339	34.492
43.46	-47.81	2.908	34.388
73.93	1.75	8.258	35.037
42.02	-21.78	6.688	34.653
98.37	-17.88	6.182	34.674
129.27	-35.85	6.965	34.474
91.48	-32.25	7.776	34.545
141.44	-40.23	6.837	34.453
60.12	-23.26	9.069	34.690
100.45	-31.06	7.316	34.480
70.35	-31.05	9.428	34.710
92.47	4.62	7.614	35.100
33.61	-26.49	9999.000	9999.000
73.18	7.09	8.494	35.067
59.85	21.14	10.274	35.550
69.84	-44.35	2.737	34.243
121.84	-42.38	7.343	34.471
44.58	-32.77	9.619	34.745
54.13	-14.94	6.469	34.647
37.91	19.92	9999.000	9999.000
113.87	-35.97	8.543	34.594
53.59	-40.24	11.149	34.931
20.34	-37.03	4.493	34.337
66.05	-50.27	2.438	34.563
70.93	-52.65	2.353	34.610
82.18	-43.57	5.726	34.363
60.19	15.08	10.024	35.536
65.44	19.33	10.297	35.538
141.31	-41.17	6.692	34.453
85.46	-58.87	1.769	34.736
85.53	-53.76	2.251	34.749
113.37	-34.93	5.654	34.396
46.82	12.76	11.223	35.904
97.16	-55.55	2.437	34.629
29.42	-36.13	10.684	34.868
104.36	-49.80	2.377	34.684
88.23	13.03	7.777	35.988
91.15	12.10	8.002	34.976
44.57	-48.55	2.555	34.515
85.42	16.18	8.186	35.383
87.25	13.60	7.765	34.975
88.30	-19.39	6.242	34.540
71.24	9.08	8.673	35.184
48.85	-21.38	6.933	34.576
135.21	-50.17	3.889	34.290
76.33	-12.02	7.295	34.737
135.82	-41.44	5.794	34.405
101.52	-25.48	6.719	34.469
66.68	-16.48	6.273	34.895
110.70	-38.27	7.796	34.508
32.16	-47.28	2.771	34.346
66.19	11.45	10.122	35.289
122.86	-48.56	3.877	34.304
21.19	-49.04	2.525	34.570
94.92	-26.66	6.712	34.446
122.22	-36.36	6.969	34.472
70.92	-52.67	2.348	34.608
63.39	-1.43	7.622	34.974
63.68	8.62	8.566	35.178
48.75	-25.83	8.951	34.678
98.31	-21.00	6.287	34.553
33.49	-30.34	9999.000	9999.000
118.52	-13.77	5.891	34.604
53.32	-22.19	8.790	34.637
69.77	-20.58	6.356	34.480
59.39	-3.62	7.623	34.989
55.97	-7.56	7.518	34.811
118.59	-60.38	2.101	34.742
95.32	-30.08	7.720	34.528
92.87	-50.79	2.634	34.556
105.21	-38.31	7.392	34.481
117.72	-14.45	5.868	34.610
46.94	-51.04	2.429	34.636
39.84	18.82	9999.000	9999.000
57.72	-56.10	2.016	34.695
115.26	-16.12	5.887	34.638
82.38	0.91	8.391	34.921
101.94	-23.59	6.257	34.487
129.04	-38.74	6.945	34.457
84.08	16.21	7.940	34.979
104.01	-31.48	7.028	34.472
89.87	0.95	7.838	35.005
92.55	-11.04	6.164	34.675
106.74	-46.76	3.965	34.303
67.63	6.18	8.847	35.167
25.03	-51.36	2.092	34.692
122.71	-44.35	7.350	34.476
30.29	-53.52	2.400	34.599
22.16	-51.67	1.791	34.716
92.44	4.56	9999.000	9999.000
72.66	3.68	8.109	35.089
87.05	-45.94	3.957	34.320
75.53	-15.99	5.989	34.702
96.90	-37.90	7.714	34.513
74.69	-11.09	6.886	34.743
83.50	-33.47	9999.000	9999.000
114.28	-35.56	8.230	23.244
61.38	-13.69	6.468	34.728
138.90	-54.90	2.570	34.518
99.57	-9.08	6.647	34.771
73.29	-28.56	8.115	34.575
91.23	-24.13	7.072	34.482
120.17	-38.85	7.431	34.485
42.49	-45.51	2.921	34.375
41.51	-28.76	9.616	34.778
41.37	-38.83	10.020	34.778
143.83	-49.17	6.977	34.445
68.14	14.71	9.645	35.405
85.95	-3.38	9999.000	9999.000
54.62	-34.25	9.891	34.778
84.95	-0.01	8.000	35.028
97.83	-22.52	6.177	34.456
89.75	-42.18	6.636	32.972
99.68	-26.91	6.644	30.955
39.77	-26.42	6.975	34.552
79.88	-24.11	6.664	34.465
65.51	16.86	10.504	35.555
84.81	-46.75	2.907	34.404
83.13	-42.28	6.226	34.364
82.26	4.35	8.276	34.989
95.12	-54.31	2.326	34.624
35.63	-49.27	2.454	34.623
98.45	-54.61	2.047	34.728
53.91	-41.25	4.778	34.373
38.84	-44.99	3.017	34.377
96.90	-23.96	6.660	34.479
105.94	-7.09	6.285	34.721
80.62	-8.47	6.550	34.783
96.19	-17.04	6.050	34.676
132.07	-42.19	6.914	34.445
140.97	-46.22	7.486	34.471
45.80	2.30	9999.000	9999.000
88.68	18.25	8.138	34.982
78.34	-45.97	3.711	34.284
120.78	-47.25	6.415	34.400
143.50	-64.99	0.990	34.711
120.86	-40.49	7.488	34.478
93.76	-28.53	7.354	34.496
83.51	-33.44	8.278	34.565
86.25	-56.00	2.208	34.721
43.10	-58.15	1.633	34.723
63.66	8.11	8.821	35.212
84.58	1.14	7.965	35.005
87.03	-31.32	9999.000	9999.000
88.32	-19.88	6.389	34.495
40.30	-24.58	7.788	34.611
66.97	10.47	9.255	35.309
87.61	-40.88	7.935	34.538
86.39	-19.88	6.320	34.534
57.46	8.30	9.512	35.403
111.73	-34.04	6.461	34.439
44.53	-6.07	8.007	35.067
59.17	-6.27	7.225	34.804
88.40	-35.60	8.441	34.649
22.44	-49.33	2.442	34.553
65.24	-1.91	8.082	35.011
51.98	-9.94	7.138	34.812
92.40	4.51	9999.000	9999.000
39.89	-48.58	2.444	34.543
77.15	-17.24	6.243	34.676
92.66	-40.62	8.175	34.563
141.30	-39.17	5.959	34.407
126.29	-56.90	2.337	34.639
101.71	-9.05	6.938	34.763
107.07	-64.27	0.344	34.662
86.02	-59.75	1.418	34.728
85.08	-32.74	8.264	34.567
57.84	-13.27	6.969	34.736
25.15	-51.39	2.081	34.708
21.69	-47.99	2.752	34.385
81.87	-0.98	8.006	34.999
24.60	-48.27	2.461	34.507
111.64	-47.72	4.123	34.279
64.21	-66.35	0.262	34.657
111.22	-17.94	5.921	34.632
52.19	-10.28	7.137	34.859
92.71	-15.25	6.210	34.698
90.23	-27.54	7.857	34.534
84.83	-0.79	7.655	35.005
43.06	-23.24	6.920	34.681
82.14	0.13	7.823	34.998
105.69	-34.70	8.050	34.538
94.81	-33.21	7.799	34.519
114.93	-43.65	7.794	34.529
96.43	-55.56	2.462	34.613
132.57	-43.50	7.296	34.460
64.30	-44.43	7.597	34.533
84.17	-4.03	7.287	34.851
68.68	10.21	8.998	35.270
47.14	11.82	12.073	36.034
110.06	-14.86	5.973	27.340
116.04	-14.72	5.695	34.634
112.54	-31.63	5.451	36.037
115.61	-47.80	4.184	34.337
143.15	-43.89	6.870	34.458
130.15	-35.54	6.622	34.607
129.42	-39.94	6.952	34.453
32.10	-32.95	9.017	28.590
30.97	-65.64	0.673	34.689
47.08	-38.38	5.159	34.374
61.47	-39.24	8.112	34.594
139.93	-41.35	7.804	34.499
98.05	-52.50	2.549	34.523
67.28	12.90	9.673	35.384
34.26	-36.74	10.409	34.850
85.26	-53.55	2.212	34.764
85.52	-58.93	1.799	34.737
94.73	-50.27	3.660	34.309
95.81	-49.19	3.017	34.379
104.19	-49.74	2.350	34.691
118.69	-14.51	5.983	34.616
122.17	-50.20	3.819	34.295
103.84	-17.69	6.076	34.654
61.27	9.56	10.460	36.149
135.09	-50.27	3.718	34.279
135.28	-39.65	6.421	34.427
36.94	-23.61	7.654	34.592
67.37	-53.18	2.445	34.583
116.19	-14.27	6.018	34.630
140.44	-61.62	2.017	34.723
81.36	10.12	7.775	34.976
40.82	-15.68	7.307	34.773
83.57	-36.52	8.563	34.605
83.51	-33.44	8.145	34.555
97.41	-10.47	6.448	34.690
107.11	-35.45	7.830	34.464
83.56	-33.33	8.334	34.570
129.96	-57.75	2.325	34.637
108.88	-31.68	6.936	34.457
98.44	-7.34	7.055	34.801
37.92	19.91	9999.000	9999.000
34.45	-42.51	3.869	34.327
92.34	4.44	9999.000	9999.000
108.17	-12.10	5.690	34.646
75.68	-22.93	6.982	34.495
60.62	-17.05	5.571	34.669
46.77	12.76	12.096	36.150
83.10	-28.75	8.506	34.590
136.60	-62.44	1.933	34.751
137.76	-62.62	1.634	34.733
143.13	-61.38	1.896	34.719
52.59	-2.07	8.170	35.047
109.75	-34.41	9999.000	9999.000
71.52	-41.49	7.552	34.556
61.49	0.69	8.325	35.040
88.55	-30.83	8.337	34.569
130.86	-36.79	7.667	34.524
95.79	-38.70	7.305	34.495
135.73	-41.98	6.251	34.415
138.50	-37.38	6.238	34.433
83.10	2.42	8.467	35.014
123.67	-56.56	2.352	34.634
67.18	21.67	10.416	35.569
67.60	10.64	9.142	35.269
90.36	1.94	7.895	35.028
87.25	-0.30	7.788	34.984
91.49	-35.70	7.453	34.504
72.75	0.45	8.355	35.006
70.07	-11.31	6.316	34.722
99.33	-8.28	6.653	34.755
79.16	-21.20	6.756	34.492
67.17	14.25	9.758	35.446
84.06	-9.67	6.164	34.675
97.70	-12.37	6.362	34.635
50.32	-37.54	8.416	34.613
85.69	-45.42	6.200	34.419
98.34	-30.51	7.361	34.475
28.83	-45.33	3.370	34.292
21.66	-47.56	2.838	34.322
77.04	-24.63	7.826	34.539
23.40	-40.89	4.267	34.504
38.29	-30.99	9.931	34.808
71.11	9.83	9.062	35.210
68.27	-54.45	2.425	34.589
36.99	23.02	9999.000	9999.000
98.26	-54.70	2.123	34.723
71.08	-9.08	7.514	34.806
70.96	-36.98	9.285	34.692
122.73	-38.02	7.049	28.213
85.57	-0.76	7.869	34.994
114.46	-44.14	7.203	34.471
103.23	-7.34	6.725	34.747
33.90	-39.24	6.285	34.443
87.01	-31.32	8.101	34.541
20.68	-35.98	9999.000	9999.000
49.55	-20.55	7.368	34.596
88.55	-30.83	9999.000	9999.000
65.00	16.05	9999.000	9999.000
117.01	-55.41	2.279	34.663
116.02	-12.54	6.276	34.624
72.01	-24.05	8.412	34.587
93.83	-63.93	0.924	34.717
109.75	-34.41	9999.000	9999.000
55.01	-42.64	4.136	34.356
58.23	-37.81	9.675	34.741
65.55	-60.25	1.963	34.725
87.97	-41.85	7.806	28.921
23.03	-45.55	3.448	34.312
66.26	11.20	9.277	35.311
69.56	17.46	10.167	0.000
83.65	-12.14	6.805	34.700
73.72	-6.62	6.648	34.778
50.68	-2.67	7.576	34.916
39.98	-51.23	2.239	34.696
33.80	-40.20	4.710	34.353
83.98	-53.25	1.851	0.032
85.35	3.33	8.153	35.013
107.45	-14.76	6.230	34.651
97.35	-28.57	7.096	34.470
47.20	12.31	12.374	36.108
57.06	-34.05	11.327	35.004
42.33	-26.58	7.353	34.576
140.81	-46.15	7.504	34.472
99.09	-25.49	6.954	34.494
50.39	0.92	8.449	35.081
54.35	7.96	9.139	35.331
67.75	-7.10	6.886	34.798
67.38	-11.94	6.956	34.761
74.14	-36.41	8.831	34.685
108.70	-24.57	6.146	34.494
119.79	-40.90	7.717	34.497
83.58	-33.29	8.204	34.559
116.50	-41.62	7.486	34.492
64.77	21.09	9999.000	9999.000
77.21	-31.23	8.513	34.614
70.61	16.22	9999.000	9999.000
67.89	17.31	9999.000	9999.000
67.38	16.98	9999.000	9999.000
90.74	0.42	7.516	34.983
109.25	-31.26	6.862	34.442
69.76	18.59	9999.000	9999.000
56.12	11.15	9.373	35.840
68.32	16.04	9.878	34.612
89.19	-37.27	7.345	34.493
72.19	14.26	9999.000	9999.000
132.38	-58.21	2.272	34.650
74.27	-42.17	7.257	34.496
107.85	-23.51	6.359	34.541
130.39	-36.34	7.648	34.502
91.06	-40.81	6.813	34.439
75.65	-27.83	8.142	34.575
88.40	-30.85	8.261	34.564
96.84	-53.26	2.453	34.612
110.44	-40.41	8.433	34.573
99.55	-36.81	5.499	34.394
64.74	14.15	9.905	35.438
102.45	-37.43	9.070	34.653
35.42	-50.58	2.344	34.669
23.54	-41.38	4.378	34.356
85.52	-18.94	5.927	34.495
73.39	-20.78	6.886	34.494
109.46	-42.57	7.625	34.496
81.66	0.91	7.855	34.987
133.83	-39.13	8.032	34.529
33.88	-36.70	10.387	34.854
60.79	15.54	10.158	35.526
119.03	-62.83	1.333	34.736
33.04	-46.32	2.941	34.316
67.23	10.01	9.130	35.253
100.81	-29.98	7.658	34.517
105.92	-12.30	6.441	34.642
42.71	-20.77	7.413	34.714
95.11	-64.53	0.512	34.661
78.11	-62.75	1.460	34.735
100.36	-40.11	5.295	34.369
99.01	-17.62	6.110	34.657
48.01	-35.30	9.215	34.706
43.89	-41.59	4.753	34.348
41.36	-34.90	8.880	34.682
60.35	0.34	7.993	35.044
51.97	-24.06	9.233	34.701
70.90	16.73	10.457	35.569
144.57	-45.64	6.950	34.454
111.92	-46.99	6.717	34.592
105.78	-20.54	5.884	34.612
116.13	-54.48	2.409	34.593
63.12	12.05	9.268	35.329
86.97	-31.33	7.938	34.533
83.89	-31.68	8.141	30.513
130.58	-34.97	6.684	34.451
101.21	-14.34	6.182	34.674
36.89	-25.84	8.362	34.634
70.90	-52.67	2.335	34.619
92.10	0.84	7.804	34.992
65.40	19.27	10.260	35.538
86.07	-58.92	1.928	34.728
66.78	11.99	9.209	35.310
42.81	-30.29	9.054	30.664
84.79	-53.33	2.178	34.774
33.43	-42.74	4.387	34.356
68.51	-37.21	9.860	34.758
37.88	19.71	9999.000	9999.000
125.84	-43.21	7.466	34.477
88.67	-11.09	6.403	34.674
104.17	-49.48	2.351	34.707
95.87	-55.46	2.481	34.587
83.77	12.18	8.232	34.992
106.33	-43.73	7.506	34.490
74.20	-9.93	6.776	34.710
54.82	-28.45	8.926	34.676
96.05	-20.57	6.252	34.556
135.09	-50.43	3.588	34.266
101.36	-38.75	8.463	34.580
77.89	-29.04	8.485	34.608
91.32	-51.09	2.437	34.542
59.85	20.69	10.460	35.567
56.94	4.24	8.704	35.168
55.70	1.10	8.261	35.147
84.77	5.08	7.998	35.004
88.65	15.62	7.843	34.984
89.04	-28.61	7.359	33.072
86.74	-52.59	2.229	34.683
67.50	14.05	9.732	35.440
80.28	4.83	8.149	35.007
74.50	5.72	8.349	35.053
103.92	-31.13	6.828	34.456
61.19	16.89	10.462	35.516
39.78	-52.07	2.101	34.695
130.48	-61.76	1.962	34.742
111.76	-11.69	6.687	34.709
113.04	-36.41	8.513	34.586
31.49	-35.88	10.089	34.757
88.30	-30.85	7.963	34.537
91.97	-16.56	6.240	35.594
69.83	-1.95	7.788	34.978
60.69	2.28	8.442	35.063
59.70	-28.48	9.055	34.676
80.16	-1.96	7.926	34.990
77.29	-5.52	6.923	34.805
66.73	17.80	10.498	35.543
77.39	-4.57	7.009	34.837
123.29	-61.74	1.812	34.737
66.36	-13.73	6.733	34.728
67.81	-14.68	6.784	34.731
111.27	-39.62	7.562	34.501
72.89	-17.35	5.788	34.562
106.41	-53.08	2.233	34.655
68.48	11.23	8.840	35.207
115.87	-12.40	6.051	34.604
65.13	12.47	9.728	35.382
100.70	-26.75	6.384	34.447
47.60	-24.20	9999.000	9999.000
90.20	-56.93	2.004	34.723
94.43	-28.50	6.990	34.408
83.76	3.70	7.934	35.074
54.15	11.11	9.634	35.425
78.18	4.47	8.273	35.017
65.43	17.84	10.262	35.539
71.75	-52.08	2.296	34.611
108.59	-31.33	6.741	34.450
69.15	-57.79	2.082	34.702
103.49	-21.76	5.945	34.471
64.59	-9.58	7.141	34.805
93.08	-6.55	7.010	34.803
49.83	-19.08	6.916	34.563
39.82	18.85	9999.000	9999.000
63.72	-6.34	7.539	34.849
91.15	-28.98	6.708	27.901
56.85	-54.25	2.258	34.658
86.93	-31.33	8.068	34.541
129.88	-49.70	4.632	34.301
81.42	-61.39	1.651	34.736
130.13	-48.56	6.911	34.438
89.42	-19.13	6.443	34.679
106.05	-11.92	6.335	34.638
47.32	-51.22	2.397	34.641
131.21	-47.56	6.887	34.409
79.63	-13.00	6.626	34.731
98.23	-54.74	2.161	34.715
95.23	-49.10	3.091	34.388
76.74	-22.09	5.482	34.527
85.47	16.32	8.248	35.417
88.13	13.13	7.677	36.008
110.24	-42.76	8.085	34.538
91.12	11.88	8.015	34.977
87.33	13.70	7.761	34.975
86.64	-4.60	7.379	34.858
69.09	-10.42	6.848	34.760
70.11	-16.71	6.100	34.668
121.59	-43.78	7.487	34.673
82.86	-13.15	6.761	34.730
31.66	-48.39	3.364	34.276
79.19	-0.17	7.860	35.015
37.85	-30.40	9.305	34.737
139.91	-44.62	6.850	34.443
81.46	-6.83	6.837	29.341
140.62	-46.08	7.428	34.467
136.44	-49.58	4.162	34.306
119.45	-36.75	7.593	34.507
117.08	-14.90	5.763	34.614
78.41	2.02	9999.000	9999.000
80.40	-40.29	6.733	34.455
74.00	-31.39	9.036	34.676
121.73	-53.67	2.640	34.620
