72.13	-26.82	19.446	35.746
99.67	-45.50	11.006	34.923
115.60	-15.73	21.101	35.141
89.13	11.34	17.625	34.893
54.68	13.78	21.665	35.543
63.28	12.48	18.861	35.571
89.98	8.78	16.294	34.874
59.90	-49.26	2.356	33.792
47.70	-28.99	16.405	35.543
62.31	-6.67	14.225	35.162
111.98	-9.06	16.849	24.600
113.56	-32.16	15.288	35.601
127.17	-47.65	9.559	34.667
41.06	-34.56	17.103	35.572
135.48	-50.94	6.939	34.286
96.24	-40.59	11.147	34.927
97.31	-49.76	2.615	33.974
92.10	13.56	18.060	34.841
76.91	-34.08	14.144	35.341
30.29	-31.16	12.751	35.149
61.84	-6.24	13.969	35.154
73.65	-10.71	17.027	34.891
82.41	-4.88	2.797	10.511
49.00	-58.06	-0.022	33.991
70.18	-13.55	20.006	35.460
94.46	6.46	17.232	34.859
42.09	-18.98	17.172	35.325
55.08	-30.84	15.519	35.516
109.25	-45.75	10.182	34.787
69.48	-51.47	1.577	33.908
96.19	-30.82	17.077	35.831
32.18	-30.88	21.013	35.350
85.12	-37.12	12.560	35.136
68.40	-10.28	16.027	35.067
102.75	-23.61	18.590	35.888
84.10	0.79	14.848	35.037
84.83	16.73	17.949	34.879
86.23	-8.08	14.131	34.689
128.85	-38.75	10.871	34.873
67.22	5.73	19.161	35.409
87.53	-31.10	14.536	35.428
91.27	-8.61	13.789	34.702
40.45	-38.44	17.104	35.610
69.57	13.40	16.737	35.465
43.74	-53.02	0.641	34.131
87.60	-59.77	0.307	34.116
90.58	-18.90	20.915	35.024
106.97	-8.46	16.343	34.554
92.76	-31.28	14.215	35.438
102.32	-31.79	13.461	35.354
92.53	-35.40	14.955	35.632
82.25	11.52	9999.000	9999.000
100.13	-46.06	7.097	34.286
60.04	12.96	20.982	35.858
99.81	-53.85	0.878	34.065
113.24	-46.72	9.907	34.748
90.53	-26.47	18.430	35.655
137.97	-38.31	12.619	35.260
121.85	-49.12	7.104	34.307
85.82	-3.26	9999.000	9999.000
50.47	-19.79	23.119	35.235
134.62	-38.65	11.482	35.070
76.68	-20.69	22.147	35.483
70.99	-52.80	1.797	33.914
122.83	-63.89	1.492	34.671
77.70	-43.98	12.328	35.099
103.42	-53.35	1.355	34.097
86.49	-31.30	14.788	35.460
65.17	19.05	19.602	35.968
97.13	-55.93	1.750	34.034
99.43	-18.58	20.667	35.476
87.72	-50.59	3.208	33.986
106.49	-15.00	20.566	34.984
116.78	-41.06	10.964	34.870
86.51	-18.33	21.495	35.616
56.75	-20.42	22.348	35.481
104.69	-49.35	3.646	33.970
112.45	-51.74	1.689	34.024
57.05	17.20	16.886	35.695
109.25	-42.75	11.444	34.989
63.47	-6.54	14.621	35.175
136.86	-51.06	7.636	34.367
136.30	-42.52	11.441	35.045
88.55	18.47	18.790	34.857
83.52	14.85	3.084	10.559
95.03	-19.60	20.794	35.744
74.09	5.35	15.546	35.073
104.74	-14.60	19.684	34.966
71.01	-52.85	1.608	33.901
126.41	-54.91	2.280	33.932
53.80	3.10	16.060	35.280
72.86	0.48	13.929	35.154
85.69	4.17	15.988	34.747
71.34	-3.41	14.102	34.950
91.65	-33.70	16.638	35.835
124.93	-55.06	3.891	34.001
80.99	-24.78	20.488	35.681
64.85	3.03	16.770	35.307
58.04	17.89	18.162	35.738
57.10	-20.82	22.322	35.361
69.69	-36.61	13.237	35.282
54.28	-39.87	15.983	35.571
59.02	3.28	18.155	35.276
82.50	-15.22	19.692	35.422
76.96	-26.92	19.774	35.740
53.98	-9.59	14.526	31.395
64.40	4.17	15.587	35.227
109.83	-22.56	19.319	35.676
91.96	0.60	15.745	35.116
93.12	-16.03	21.388	35.246
72.20	-20.67	21.275	35.580
58.85	2.76	18.312	35.290
132.41	-48.94	9.116	34.600
45.69	-35.98	16.282	35.548
85.29	-37.67	12.319	35.047
114.85	-37.08	14.492	35.436
48.94	-0.03	15.108	35.211
112.52	-29.76	16.823	35.745
41.43	-44.70	5.802	34.074
101.37	-44.01	10.391	34.799
45.51	-44.20	4.368	33.891
98.30	-1.43	19.017	35.070
113.84	-37.41	13.216	35.235
52.87	-12.85	22.382	35.221
68.97	-28.57	17.997	35.839
66.40	17.85	19.070	35.853
83.59	-17.89	21.306	35.279
76.87	2.30	15.360	36.475
63.39	18.86	19.535	35.988
63.67	14.20	19.626	35.857
41.52	-5.90	14.792	35.272
81.75	0.07	14.743	35.126
22.89	-52.69	0.387	34.277
44.61	-32.54	18.110	35.582
54.60	12.65	17.346	35.677
69.36	17.65	19.333	35.584
52.97	-30.07	17.704	35.677
97.90	-12.43	18.069	34.706
82.34	-55.70	0.824	34.086
48.76	-6.32	13.069	35.081
95.19	-50.04	4.843	33.972
69.88	-9.18	17.977	35.102
43.02	-9.89	17.877	35.178
49.22	-47.03	3.162	33.841
98.51	-54.90	0.611	34.104
75.12	-6.82	13.700	28.589
115.62	-38.01	14.768	35.511
142.30	-52.05	2.740	33.885
112.87	-21.73	20.597	35.425
68.55	-28.88	17.795	35.781
139.42	-46.42	9.131	34.575
106.35	-39.50	10.520	34.803
122.68	-36.38	13.732	35.320
62.58	-37.42	13.952	35.368
71.63	-19.13	21.309	33.295
53.53	10.71	9999.000	9999.000
138.06	-39.41	11.653	35.061
52.50	-25.76	21.841	35.364
93.29	0.06	16.357	35.109
66.08	15.58	18.421	35.791
94.01	-42.40	11.342	34.944
51.16	2.78	15.137	35.215
55.70	-34.84	16.083	35.568
144.38	-50.15	8.963	34.551
112.44	-20.29	21.117	35.422
69.40	-45.93	3.368	33.779
47.69	-27.96	18.973	35.508
121.15	-55.41	2.078	33.948
55.32	-13.28	18.822	35.153
41.35	-30.91	16.610	35.566
103.10	-44.54	10.678	34.858
38.23	-20.98	23.774	35.239
125.79	-36.38	14.301	35.419
136.64	-42.45	11.622	35.090
124.92	-36.30	15.168	35.596
28.20	-51.17	1.411	33.956
64.53	-13.00	19.316	35.245
68.40	12.97	17.868	35.736
67.32	14.55	18.982	35.878
73.49	-0.19	14.023	35.126
88.66	-0.96	14.518	35.101
90.40	2.56	15.778	35.000
43.28	-44.35	4.375	33.899
65.21	-27.51	16.950	35.668
106.60	-8.78	16.024	34.554
64.40	10.89	17.358	35.519
141.57	-53.86	1.546	33.897
96.72	-41.71	11.055	34.939
96.05	-40.56	10.764	34.871
64.13	11.29	17.014	35.831
137.38	-57.64	0.969	33.920
101.82	-18.88	18.643	35.327
93.01	-9.77	17.525	34.546
117.30	-56.55	2.228	33.951
64.77	18.26	18.681	38.264
63.93	13.14	19.335	35.871
125.79	-45.26	9.752	34.653
67.62	8.12	17.130	35.386
21.63	-36.94	12.971	35.220
108.30	-36.66	11.916	35.050
29.59	-49.09	3.819	33.867
50.98	-2.64	15.090	35.198
89.75	-5.18	17.936	34.902
142.40	-41.23	11.674	35.104
88.42	-50.14	3.646	33.967
66.22	12.99	18.126	35.736
135.20	-47.41	9.214	34.586
102.97	-27.99	18.028	35.862
120.34	-43.82	10.195	34.779
112.97	-21.54	20.664	35.515
36.61	-46.50	6.689	34.100
54.15	-28.58	16.425	0.070
92.06	-49.95	7.302	34.272
77.78	0.91	14.640	35.113
53.28	16.50	17.477	35.606
112.04	-56.53	1.503	33.971
86.43	-43.77	10.529	34.818
111.30	-31.05	16.472	35.729
27.06	-36.37	17.663	35.598
70.54	-26.23	18.669	35.759
88.09	-59.89	0.487	34.124
30.51	-43.51	8.258	34.304
34.48	-47.91	4.569	33.805
62.34	-35.80	14.143	35.739
86.00	0.07	15.177	35.145
132.34	-36.76	11.890	35.050
105.14	-49.23	3.857	34.012
53.08	-46.64	2.738	33.889
96.35	-55.78	2.035	34.039
138.79	-57.59	1.564	33.907
125.69	-34.03	14.216	35.413
67.00	11.79	15.702	35.360
137.42	-50.90	7.366	34.331
59.30	-25.27	18.561	35.677
48.10	-25.00	22.227	35.339
114.88	-54.32	1.659	33.998
43.31	-49.80	2.333	33.873
58.64	11.30	20.386	35.820
97.22	-10.10	16.947	34.726
105.78	-44.48	10.049	34.755
109.89	-21.11	18.469	35.771
97.88	-57.93	1.114	34.377
44.42	-12.14	9999.000	9999.000
65.99	-16.70	20.892	36.618
49.46	-20.75	23.701	35.127
65.95	11.28	18.881	35.760
92.21	-0.12	17.007	35.127
99.78	-23.46	20.059	35.678
121.95	-47.42	9.376	34.670
110.89	-57.12	0.934	33.993
113.67	-54.46	1.352	33.982
117.49	-55.41	2.319	33.983
100.18	-27.78	15.267	35.573
62.80	-38.47	13.913	35.362
81.88	-33.74	13.061	35.190
67.66	2.82	15.975	35.230
85.05	-19.71	19.983	35.168
67.23	21.63	20.745	36.047
63.15	14.69	20.428	35.996
83.46	0.72	15.474	35.119
67.18	-22.93	21.125	35.550
110.80	-18.72	19.746	35.488
60.15	-3.73	15.761	35.256
95.37	0.07	15.645	35.093
97.68	-1.76	19.381	35.016
78.77	-21.78	21.299	35.618
60.75	15.24	19.247	35.581
114.62	-15.53	20.480	34.868
64.67	-16.35	21.807	35.312
135.18	-41.85	11.123	34.988
59.70	-30.19	16.005	35.538
67.20	11.77	15.878	35.420
110.63	-39.98	12.434	35.191
76.97	-34.10	14.214	35.354
82.08	-43.51	11.661	35.005
129.48	-60.18	0.985	34.164
50.46	-23.13	23.612	35.282
65.76	-10.78	15.188	35.083
138.55	-53.81	3.244	33.919
132.31	-61.51	1.023	34.082
22.88	-49.39	2.531	33.906
131.70	-39.67	10.616	34.850
53.05	4.55	15.119	35.456
60.45	7.96	16.179	35.472
75.18	-24.26	20.828	35.708
102.92	-9.77	14.921	34.529
80.48	-0.34	16.187	35.147
98.55	-54.91	0.677	34.142
64.81	18.31	18.919	35.842
37.46	-32.30	16.284	35.552
89.79	-39.46	11.468	34.982
59.93	11.91	20.980	35.895
113.45	-17.19	20.311	35.152
24.50	-45.09	8.570	34.356
44.17	-31.48	17.284	35.582
95.44	-16.54	20.440	35.229
142.29	-41.21	11.373	35.036
66.90	10.08	17.746	35.819
49.22	-36.33	15.875	35.526
62.41	-14.93	21.079	35.375
121.45	-46.62	9.819	34.712
37.05	-48.51	5.300	34.200
72.17	-13.18	19.304	35.222
132.38	-53.66	4.101	33.951
80.85	-11.63	18.890	35.083
80.19	-24.83	18.862	35.853
51.68	-11.93	20.472	35.456
118.32	-15.37	20.005	34.812
100.59	-37.24	13.737	35.433
79.07	1.95	15.287	35.155
82.05	-42.79	11.316	34.899
71.64	-24.41	21.769	35.498
129.85	-61.67	0.857	34.219
126.07	-45.35	9.498	34.630
83.29	-12.90	19.341	35.030
83.33	12.97	17.681	34.893
64.84	-38.81	14.050	35.393
67.55	16.53	18.241	35.825
30.74	-53.11	0.728	34.139
67.43	11.92	16.415	35.355
139.32	-46.53	9.125	34.574
51.62	-25.04	20.986	35.491
141.48	-47.74	9.412	34.616
79.61	0.55	14.955	24.707
59.23	-13.72	20.897	35.444
83.34	-25.25	19.640	32.429
120.54	-38.29	12.426	35.120
124.54	-41.12	10.529	34.804
84.70	-2.96	17.932	35.189
52.57	-32.90	16.987	35.597
82.67	-63.98	1.672	34.590
98.08	-22.74	20.138	35.804
98.66	-34.88	14.660	35.614
95.61	-33.53	13.809	35.435
97.60	-61.69	1.640	34.566
60.54	-29.07	18.146	35.652
109.00	-33.83	13.067	35.246
128.23	-36.02	13.263	35.311
132.69	-45.72	9.408	34.628
68.70	-30.81	15.567	35.583
42.19	-37.21	16.552	35.565
106.29	-7.12	15.821	34.640
96.13	-23.87	19.334	35.866
69.97	-45.76	3.429	33.746
80.71	-1.72	16.455	35.156
78.30	-5.70	14.079	34.907
76.69	-4.35	14.375	34.976
70.96	-15.79	21.819	35.492
87.40	-17.86	21.396	35.507
86.23	-11.44	18.422	35.257
93.39	2.19	16.598	35.058
68.08	11.11	16.307	35.488
65.47	12.84	17.546	35.554
101.53	-5.17	15.484	34.811
102.01	-55.77	1.165	34.154
88.17	-16.30	19.660	35.194
93.58	-13.28	20.181	34.661
74.89	-10.55	18.979	35.187
104.83	-35.69	11.540	35.020
85.64	3.84	15.839	34.839
73.87	1.88	15.185	35.108
86.12	-18.56	21.353	35.644
24.59	-36.36	17.778	35.669
48.06	-48.23	2.521	33.821
95.52	-55.92	1.327	34.046
42.41	-23.64	22.313	35.199
60.04	-23.35	22.177	35.474
73.43	7.04	18.117	35.165
33.16	-26.52	16.536	35.295
84.72	-2.78	17.294	35.151
53.84	-15.99	21.506	35.362
52.84	-40.39	15.914	35.546
109.00	-33.83	13.174	35.254
113.23	-36.32	13.492	35.358
71.04	-52.88	1.317	33.887
66.29	-50.20	1.881	33.856
60.37	14.52	19.047	35.822
65.11	18.95	19.194	35.920
88.52	-60.05	0.963	34.181
95.59	-49.88	5.185	34.025
88.86	-50.31	4.216	34.211
141.23	-41.26	11.721	35.127
111.40	-35.68	13.052	35.219
105.44	-49.37	3.340	31.813
45.17	-48.52	2.482	33.862
26.85	-35.50	17.943	35.601
88.05	13.65	16.649	36.088
71.61	-21.68	21.055	35.626
91.10	11.77	19.065	34.785
85.40	15.93	18.183	35.375
88.00	14.23	17.481	34.889
136.95	-40.89	11.344	35.001
88.24	-19.20	21.004	35.679
75.38	-11.91	17.863	34.947
44.55	-32.77	17.843	35.580
101.56	-26.60	18.225	35.845
137.87	-50.66	7.210	34.313
71.33	8.88	17.361	35.045
110.59	-38.73	12.426	35.120
83.71	-42.96	11.450	34.987
141.69	-39.66	13.081	35.398
91.77	-32.22	13.540	35.214
31.59	-46.43	4.151	33.840
24.70	-60.55	0.234	34.386
22.55	-49.95	2.397	33.946
123.52	-49.16	7.604	34.386
45.49	-27.45	21.888	35.361
96.03	-27.16	18.680	35.871
40.84	-17.42	20.522	35.271
65.90	-2.79	17.074	35.215
110.72	-14.60	20.762	26.326
116.27	-15.40	21.462	35.045
117.06	-13.68	21.525	34.753
98.52	-20.21	21.026	35.289
139.40	-41.08	12.991	35.392
29.89	-65.67	-1.337	34.376
59.76	-2.05	16.321	35.240
47.07	-49.49	2.383	33.876
100.99	-29.88	14.914	35.553
54.48	-8.10	13.021	35.051
96.27	-30.62	16.703	35.777
70.17	-21.02	21.938	35.496
117.22	-41.28	10.260	34.841
57.98	-56.02	-0.082	33.966
103.47	-38.15	11.321	34.949
84.56	0.58	15.298	35.037
84.89	16.55	19.930	34.808
102.78	-23.99	18.472	35.880
89.79	2.08	14.812	35.049
142.55	-61.36	0.944	34.254
67.18	5.77	19.049	35.378
107.75	-47.65	7.928	34.417
92.77	-11.49	18.972	34.489
123.44	-44.98	9.747	34.664
93.63	-49.99	4.265	33.912
25.62	-51.60	0.491	34.086
99.79	-25.51	17.216	32.135
31.57	-54.02	1.896	34.001
23.12	-51.40	0.394	34.096
113.36	-35.96	13.392	23.267
39.20	-27.10	17.470	35.555
97.71	-38.63	11.330	34.923
31.25	-30.80	9999.000	9999.000
41.83	-45.75	4.841	33.846
61.68	-12.74	20.065	35.166
87.53	-45.21	7.531	34.261
53.41	-21.44	21.779	35.370
142.73	-48.45	9.005	34.565
72.51	3.50	15.487	35.205
120.35	-60.01	0.223	34.094
68.00	15.17	18.246	35.752
126.77	-43.05	9.695	34.673
87.67	-0.42	15.923	35.162
121.84	-42.40	9.851	34.675
54.47	-33.60	15.805	35.503
88.75	-40.06	11.564	33.026
115.21	-16.82	20.428	34.957
84.09	-47.54	4.022	33.776
81.75	-42.35	11.346	34.963
66.08	16.85	18.841	35.896
74.87	-16.57	20.030	35.326
98.61	-54.94	0.680	34.140
55.33	-41.12	7.411	34.133
38.02	-45.11	4.812	33.888
80.70	-44.66	7.473	34.183
81.14	3.53	14.939	34.963
48.59	-29.79	9.206	34.724
143.72	-64.98	-0.363	34.493
139.24	-46.63	9.129	34.574
130.75	-41.98	10.493	34.837
91.39	-23.73	20.013	35.822
139.27	-54.12	3.096	34.017
121.38	-41.20	10.542	34.783
96.46	-17.37	19.813	34.965
91.65	0.74	14.983	35.085
72.36	-29.00	16.807	35.725
88.53	18.55	17.767	34.873
34.00	-49.48	1.509	34.015
91.82	-16.86	21.367	36.246
76.84	2.87	15.984	35.205
97.07	-1.79	16.713	34.975
98.07	-28.43	15.222	35.549
93.52	-27.67	15.376	35.584
70.70	-37.02	13.389	35.285
41.58	-27.90	17.642	35.619
88.69	-19.56	20.208	35.694
43.78	-57.37	-0.603	34.044
65.34	16.84	9999.000	9999.000
40.14	-23.41	16.850	35.331
103.50	-7.31	14.124	34.571
115.67	-11.48	18.627	34.817
90.61	-27.02	15.350	35.554
86.02	-41.13	11.588	34.994
82.71	-12.06	18.132	34.536
60.85	-37.75	14.206	35.364
45.04	-4.36	14.784	35.265
59.08	-5.64	13.427	35.102
75.00	-6.96	15.198	34.922
86.53	-19.28	20.958	35.503
125.79	-56.72	2.178	33.946
89.33	-36.15	12.326	35.109
105.06	-59.66	0.499	34.112
39.82	-49.04	2.557	33.826
89.35	-49.60	1.044	0.013
77.48	-17.77	22.701	35.207
64.64	-2.06	16.662	35.234
113.06	-29.93	16.795	37.541
51.20	-10.80	19.414	35.458
92.36	-41.20	11.282	34.924
32.76	-33.66	18.199	29.228
109.08	-23.05	18.336	35.819
58.79	-12.34	16.994	35.420
106.98	-14.93	20.922	34.849
81.86	-0.86	15.179	35.120
25.55	-51.68	0.288	34.105
80.55	-8.34	15.884	34.750
25.19	-47.44	4.637	33.965
85.73	-56.88	0.727	34.113
25.25	-48.78	2.948	33.893
24.18	-50.25	2.307	33.878
93.05	-15.66	20.921	35.074
84.85	-33.66	13.208	35.185
52.22	-9.99	17.165	35.354
86.47	-0.87	15.455	35.146
71.02	-52.91	1.250	33.891
116.19	-47.41	8.499	34.476
105.33	-49.53	3.526	31.747
132.37	-43.64	9.702	34.663
111.93	-36.05	13.120	35.243
134.41	-38.89	11.292	34.982
68.33	9.20	16.855	35.403
105.06	-8.26	16.044	34.554
94.61	-32.68	12.167	35.092
98.62	-49.46	2.330	33.977
128.76	-39.76	10.791	34.889
116.32	-47.77	8.237	34.440
111.26	-18.26	19.409	35.414
140.37	-64.14	1.897	34.603
118.20	-14.09	20.073	34.754
143.52	-43.17	10.902	34.965
86.40	-59.51	0.491	34.237
44.64	1.62	9999.000	9999.000
33.44	-38.03	17.110	35.633
128.78	-36.22	13.232	35.305
124.99	-49.02	9.689	34.701
101.67	-9.24	17.891	34.899
25.03	-39.65	11.516	34.877
59.29	-38.38	13.585	35.323
104.64	-62.98	0.536	34.544
66.89	12.99	17.401	35.765
106.61	-64.26	-1.815	34.355
99.46	-52.47	1.995	33.963
88.77	-60.13	0.525	34.107
95.14	-56.16	0.762	34.443
88.27	-50.77	3.788	33.997
67.45	-53.28	1.813	33.861
125.62	-50.94	5.704	34.136
82.87	0.05	2.984	10.543
115.45	-43.55	9.873	34.727
61.42	11.09	19.154	35.738
104.38	-18.32	20.391	35.616
58.23	-3.90	16.405	35.264
62.44	-66.40	-1.571	34.310
138.22	-50.38	7.647	34.208
105.14	-34.48	12.632	35.184
27.65	-44.68	11.174	34.823
118.50	-13.81	19.826	34.449
116.26	-15.09	21.120	34.780
84.05	-4.23	16.432	35.064
62.82	8.60	16.047	35.342
103.46	-31.44	14.069	35.456
36.46	-23.26	18.736	35.545
83.43	-36.24	12.433	35.116
87.71	15.40	18.061	34.862
97.11	-9.58	14.829	34.529
84.14	6.37	17.964	35.156
87.68	-50.35	3.738	34.028
107.27	-35.25	12.297	35.092
142.73	-62.16	1.162	34.404
20.26	-39.55	18.543	35.568
105.96	-20.70	19.768	35.747
141.65	-40.01	12.239	35.212
101.57	-14.40	19.970	34.948
98.87	-7.64	16.675	34.576
83.48	-28.32	17.633	35.758
34.17	-41.94	11.255	34.852
59.82	-18.21	22.707	35.341
129.68	-35.11	13.250	35.326
88.42	-10.99	16.875	34.570
137.11	-63.06	1.005	34.499
131.72	-36.22	13.342	35.347
72.31	-9.00	17.661	35.064
61.91	1.62	14.809	35.201
125.58	-43.43	9.722	34.681
72.09	-40.92	13.023	35.233
83.66	2.51	16.000	35.059
95.45	-37.78	11.455	34.960
135.87	-41.39	10.271	34.808
67.26	21.63	20.214	35.962
70.81	-11.90	17.616	35.291
89.03	-0.80	14.665	35.100
90.55	2.86	15.594	34.881
74.01	-0.24	15.023	35.127
99.63	-7.96	16.591	34.578
84.35	-9.88	17.631	34.557
67.65	13.96	18.049	35.790
138.19	-37.44	12.545	35.295
84.14	-44.21	10.479	34.799
49.83	-38.49	14.352	35.381
97.48	-30.61	14.267	35.381
57.53	2.38	3.043	10.592
20.72	-43.34	9.877	34.587
29.14	-45.22	6.951	34.115
22.75	-46.56	5.421	33.884
67.54	10.99	16.675	35.558
37.83	-30.32	20.281	35.520
90.69	-35.79	12.761	35.145
68.85	-54.29	1.404	33.896
74.92	-23.65	21.226	35.637
52.27	-1.55	15.390	35.218
50.61	-25.34	17.587	35.601
109.06	-12.81	16.590	34.819
65.52	-44.25	12.918	35.115
33.89	-41.10	11.029	34.843
138.70	-62.03	1.092	34.433
124.15	-41.83	9.945	34.704
49.46	-20.25	22.953	35.277
123.06	-38.07	10.854	28.487
34.54	-41.38	11.151	34.851
87.48	-1.02	15.604	35.121
113.58	-44.20	10.053	34.792
20.70	-35.98	9999.000	9999.000
88.34	-41.79	11.563	23.971
97.28	-12.30	17.983	34.660
22.32	-47.69	4.516	33.845
119.46	-55.91	2.540	33.963
79.20	-21.10	21.115	35.661
52.19	-3.04	15.724	35.195
58.08	-44.74	7.658	34.205
65.88	-60.57	0.458	34.207
66.06	11.10	17.029	35.690
23.97	-45.25	6.618	34.095
95.61	-49.48	6.330	34.128
69.58	16.57	18.241	0.000
76.47	-24.00	18.356	35.880
98.65	-54.96	0.639	34.145
42.07	-50.55	0.966	33.992
97.33	-25.38	19.202	35.827
139.15	-46.70	9.471	34.635
84.75	3.37	16.185	34.979
41.85	-26.80	17.297	35.568
68.57	-8.60	16.450	35.053
73.03	-10.91	17.083	34.917
75.04	-36.38	12.848	35.235
93.89	-63.69	-1.200	34.396
56.66	-32.84	14.705	35.505
66.61	-7.61	16.766	35.131
68.10	-11.19	18.337	35.505
55.81	9.08	19.901	35.527
51.90	0.51	14.853	35.203
86.69	1.05	14.853	35.056
62.72	8.27	15.257	35.292
99.74	-9.65	16.340	34.563
92.79	-6.33	14.589	34.795
125.77	-56.70	2.266	33.957
69.92	18.62	9999.000	9999.000
90.78	1.01	14.842	35.028
68.37	15.76	9999.000	9999.000
109.62	-30.54	13.393	35.312
66.99	17.08	9999.000	9999.000
101.96	-37.07	12.559	35.293
133.04	-58.23	0.938	33.935
70.52	16.35	19.515	35.681
84.25	-33.34	12.593	35.117
64.31	21.20	9999.000	9999.000
67.64	17.67	9999.000	9999.000
133.86	-49.80	9.427	34.692
72.25	14.44	9999.000	9999.000
91.99	-42.00	11.160	34.938
131.09	-36.14	12.510	35.104
75.58	-41.31	12.683	35.163
107.88	-21.97	19.678	35.673
82.41	-7.69	14.221	29.185
96.89	-53.42	1.946	34.012
84.95	-19.90	21.228	35.563
73.89	-21.02	21.219	35.612
90.08	-37.28	11.751	34.974
83.92	0.34	14.825	35.120
140.08	-44.17	11.000	34.973
100.22	-40.47	12.050	35.143
84.87	-31.85	13.520	31.080
132.70	-38.89	11.655	35.105
33.01	-37.78	16.987	35.611
116.02	-41.57	10.112	34.735
60.72	15.23	19.080	35.524
63.95	14.23	19.357	35.867
21.10	-42.13	11.057	34.807
78.92	1.66	16.560	35.197
99.65	-30.18	16.261	35.833
33.18	-47.09	5.572	33.932
37.55	-24.95	17.090	35.584
82.64	-41.01	12.439	35.168
123.89	-52.74	3.790	34.111
42.27	-19.64	17.375	35.341
109.22	-43.16	10.133	34.746
99.58	-46.18	8.633	34.494
88.85	-60.11	0.317	34.069
67.55	10.13	16.256	35.423
52.31	10.43	15.267	35.980
39.01	-35.26	16.438	35.563
45.63	-41.69	12.362	35.019
71.63	-24.62	21.394	35.533
48.69	-35.56	15.626	35.503
129.89	-41.45	10.035	34.758
61.32	-0.16	16.042	35.205
105.38	-11.88	20.024	34.864
118.20	-55.03	2.024	33.931
53.77	-28.16	16.164	35.547
102.29	-38.38	11.487	34.985
51.83	-23.46	23.694	35.199
91.33	0.89	15.016	35.065
70.65	17.49	19.963	35.401
107.42	-59.76	1.480	34.413
99.07	-37.74	14.511	35.640
114.72	-46.41	9.914	34.911
119.06	-62.74	1.256	34.602
143.37	-45.34	11.543	35.087
77.25	-29.59	17.173	35.731
109.75	-33.49	15.162	35.570
71.02	-52.92	1.300	33.890
63.65	12.43	18.383	35.783
66.94	11.97	16.745	35.453
65.09	18.92	19.625	35.932
42.16	-30.79	16.619	31.497
94.89	-56.36	0.640	34.080
34.22	-42.34	10.871	34.794
56.49	8.26	15.908	35.351
67.61	-37.84	13.399	35.297
105.15	-49.53	3.741	31.751
105.52	-43.44	10.074	34.738
83.33	13.10	17.208	34.896
81.66	-63.93	1.047	34.554
98.45	-17.32	20.107	35.457
94.15	-64.43	-1.810	34.323
138.57	-50.16	7.688	34.370
130.05	-58.40	1.095	33.913
92.66	-52.35	2.218	33.996
96.17	-19.98	21.173	35.143
43.15	-23.69	20.611	35.357
54.15	2.02	15.625	35.232
90.01	-28.40	14.380	33.111
66.07	2.35	16.303	35.212
58.29	11.36	20.036	36.686
79.70	5.06	15.893	34.961
68.38	12.79	17.684	35.667
67.92	13.95	18.431	35.794
104.36	-29.98	14.200	35.487
100.01	-27.34	14.939	35.554
60.05	17.06	19.042	35.875
82.95	15.35	17.104	34.910
57.60	17.09	17.450	35.507
39.68	-51.96	0.863	34.027
130.13	-62.64	0.391	34.270
135.77	-42.57	11.449	35.050
91.05	-62.10	1.080	34.501
68.03	-1.18	13.976	35.168
123.84	-56.41	1.757	33.948
45.38	-26.60	21.930	35.418
60.61	1.29	15.213	35.202
76.37	-4.23	14.870	35.105
80.58	-1.85	16.875	35.157
66.33	17.78	18.839	35.802
78.35	-5.51	14.716	34.969
66.86	-13.86	20.831	35.518
83.36	-0.55	15.343	35.157
125.50	-61.14	0.419	34.243
68.21	-15.02	21.747	35.373
36.14	-40.10	17.095	35.602
67.94	11.13	16.358	35.512
65.60	12.93	17.953	35.610
77.85	-20.77	21.844	35.548
72.34	-16.60	19.126	35.460
115.49	-11.31	18.242	34.712
94.77	-29.87	17.670	35.814
71.39	-58.36	-0.444	34.021
84.05	4.55	17.440	34.994
50.59	7.96	16.587	35.516
115.62	-38.04	14.725	35.505
82.45	-12.69	19.531	35.077
65.36	17.61	18.694	35.830
109.18	-30.02	17.469	35.837
111.12	-9.07	17.611	34.518
35.40	-51.30	1.593	34.001
49.65	-19.54	21.930	35.373
35.98	-30.67	7.211	40.648
77.47	-22.62	20.382	35.715
90.16	-29.81	15.363	28.683
84.92	-54.71	2.747	34.016
56.93	-54.88	0.780	33.923
121.07	-40.62	10.151	34.705
134.65	-49.20	9.470	34.690
105.96	-11.87	18.379	34.985
78.79	4.11	10.984	26.700
48.73	-50.69	1.504	33.934
80.37	-13.87	18.874	35.248
98.66	-54.97	0.603	34.125
90.32	-18.25	22.025	35.224
89.20	-56.68	0.272	34.066
70.51	-11.06	17.193	35.167
88.17	13.88	17.370	36.102
85.32	15.52	16.782	35.430
91.10	11.90	19.750	34.826
88.30	14.42	17.744	34.895
133.86	-47.96	9.278	34.604
109.48	-42.84	10.167	34.754
70.18	-16.23	22.357	35.481
86.28	-4.02	19.117	35.197
33.93	-47.72	6.023	34.004
81.17	1.33	15.310	35.151
121.24	-44.01	9.784	34.844
139.04	-46.76	9.986	34.752
81.45	-60.79	1.604	34.604
103.54	-21.94	19.659	35.718
135.89	-50.18	6.345	34.206
62.49	-9.00	2.704	10.488
120.32	-37.81	13.142	35.245
116.64	-14.47	21.980	34.730
77.13	-31.57	15.188	35.505
73.79	-30.80	15.675	35.557
20.75	-40.35	10.822	34.815
90.03	8.90	18.201	34.816
89.21	10.59	18.731	34.875
43.36	-10.21	2.740	10.451
72.35	-26.86	20.272	35.684
63.80	12.74	19.272	35.930
115.67	-15.96	20.454	34.853
53.97	13.89	19.563	35.518
71.09	-19.14	21.631	33.226
96.74	-49.12	3.843	34.018
109.24	-45.02	10.150	34.789
95.50	-41.05	11.250	34.935
137.65	-51.32	6.065	34.173
60.30	-49.18	2.895	33.769
126.86	-47.60	9.539	34.669
40.51	-34.95	16.690	35.558
75.97	-34.21	14.513	35.397
101.62	-44.56	10.909	34.903
61.68	-6.08	14.399	35.145
48.26	-58.25	-0.694	33.982
62.81	-6.47	15.101	35.124
69.64	-13.54	19.016	35.479
42.61	-19.01	15.589	35.268
84.36	-37.95	12.336	35.119
91.81	-16.98	21.229	36.311
96.23	-30.39	16.334	35.743
52.47	10.40	9999.000	9999.000
30.41	-32.00	21.356	35.285
69.14	-10.29	16.866	35.068
86.99	-8.12	13.029	34.717
113.66	-32.38	16.233	35.686
69.62	-51.64	1.722	33.903
84.98	0.32	14.256	35.026
82.21	-4.85	15.604	35.046
84.70	16.22	18.458	34.862
102.51	-24.43	18.204	35.800
54.83	-31.02	15.789	35.532
72.49	-10.38	16.515	34.812
112.75	-9.47	16.922	24.360
30.27	-31.25	14.672	35.306
67.24	5.91	17.437	35.304
109.07	-32.43	12.562	35.164
91.13	-18.70	21.009	35.633
69.68	13.31	17.577	35.502
42.38	-40.31	13.588	35.196
87.18	-31.28	13.763	35.265
90.76	-25.83	18.250	35.656
20.28	-37.52	11.599	34.972
44.16	-53.20	0.953	34.144
102.03	-31.81	13.793	35.419
91.12	-8.62	14.617	34.652
99.93	-54.03	0.821	34.061
112.66	-47.62	9.966	34.737
106.60	-8.94	15.950	34.537
101.94	-45.78	6.873	34.252
135.32	-38.69	11.496	35.069
121.79	-49.10	7.026	34.291
50.51	-19.91	22.641	35.286
92.12	-35.82	14.936	35.627
76.46	-20.78	22.220	35.439
92.62	-31.19	13.532	35.307
77.52	-44.08	12.099	35.073
103.25	-53.85	1.907	34.211
60.00	13.10	20.255	35.713
99.87	-18.50	20.627	35.455
87.84	-49.89	2.937	33.956
94.71	-56.46	0.843	34.117
88.92	-60.04	0.289	34.070
95.26	-49.13	5.792	34.068
137.22	-38.19	12.606	35.283
116.41	-41.16	10.970	34.881
105.08	-49.41	3.791	31.760
106.48	-15.12	20.513	34.674
113.66	-51.06	1.675	34.004
86.21	-31.24	14.555	35.436
113.32	-36.34	13.454	35.339
56.47	-20.64	22.518	35.429
108.70	-43.08	10.423	34.778
85.49	-2.91	9999.000	9999.000
109.07	-32.43	12.737	35.181
138.97	-50.02	8.033	34.423
112.22	-64.05	0.636	34.635
59.26	-28.51	17.971	35.645
94.88	-19.46	19.920	35.703
88.60	18.57	19.185	34.843
87.02	-17.59	21.336	35.601
71.03	-52.92	1.237	33.895
73.73	5.45	15.821	34.960
