72.13	-26.82	9999.000	9999.000
99.67	-45.50	9999.000	9999.000
115.60	-15.73	9999.000	9999.000
89.13	11.34	9999.000	9999.000
54.68	13.78	9999.000	9999.000
63.28	12.48	9999.000	9999.000
89.98	8.78	9999.000	9999.000
59.90	-49.26	1.923	34.765
47.70	-28.99	9999.000	9999.000
62.31	-6.67	2.671	34.779
111.98	-9.06	9999.000	9999.000
113.56	-32.16	9999.000	9999.000
127.17	-47.65	9999.000	9999.000
41.06	-34.56	2.850	34.702
135.48	-50.94	9999.000	9999.000
96.24	-40.59	2.468	34.691
97.31	-49.76	1.706	34.745
92.10	13.56	9999.000	9999.000
76.91	-34.08	9999.000	9999.000
30.29	-31.16	9999.000	9999.000
61.84	-6.24	9999.000	9999.000
73.65	-10.71	9999.000	9999.000
82.41	-4.88	2.731	34.777
49.00	-58.06	0.844	34.709
70.18	-13.55	2.605	34.729
94.46	6.46	9999.000	9999.000
42.09	-18.98	9999.000	9999.000
55.08	-30.84	9999.000	9999.000
109.25	-45.75	9999.000	9999.000
69.48	-51.47	9999.000	9999.000
96.19	-30.82	9999.000	9999.000
32.18	-30.88	2.695	34.739
85.12	-37.12	2.500	34.693
68.40	-10.28	2.754	34.753
102.75	-23.61	9999.000	9999.000
84.10	0.79	9999.000	9999.000
84.83	16.73	9999.000	9999.000
86.23	-8.08	2.634	34.761
128.85	-38.75	2.344	34.697
67.22	5.73	9999.000	9999.000
87.53	-31.10	9999.000	9999.000
91.27	-8.61	9999.000	9999.000
40.45	-38.44	2.832	34.702
69.57	13.40	3.234	34.857
43.74	-53.02	9999.000	9999.000
87.60	-59.77	9999.000	9999.000
90.58	-18.90	2.564	34.739
106.97	-8.46	9999.000	9999.000
92.76	-31.28	9999.000	9999.000
102.32	-31.79	2.465	34.704
92.53	-35.40	9999.000	9999.000
82.25	11.52	9999.000	9999.000
100.13	-46.06	9999.000	9999.000
60.04	12.96	9999.000	9999.000
99.81	-53.85	9999.000	9999.000
113.24	-46.72	9999.000	9999.000
90.53	-26.47	9999.000	9999.000
137.97	-38.31	9999.000	9999.000
121.85	-49.12	9999.000	9999.000
85.82	-3.26	9999.000	9999.000
50.47	-19.79	9999.000	9999.000
134.62	-38.65	9999.000	9999.000
76.68	-20.69	9999.000	9999.000
70.99	-52.80	9999.000	9999.000
122.83	-63.89	0.265	34.672
77.70	-43.98	9999.000	9999.000
103.42	-53.35	1.195	34.719
86.49	-31.30	2.462	34.695
65.17	19.05	9999.000	9999.000
97.13	-55.93	9999.000	9999.000
99.43	-18.58	2.507	34.717
87.72	-50.59	9999.000	9999.000
106.49	-15.00	9999.000	9999.000
116.78	-41.06	2.544	34.685
86.51	-18.33	9999.000	9999.000
56.75	-20.42	9999.000	9999.000
104.69	-49.35	9999.000	9999.000
112.45	-51.74	9999.000	9999.000
57.05	17.20	9999.000	9999.000
109.25	-42.75	2.537	34.677
63.47	-6.54	9999.000	9999.000
136.86	-51.06	9999.000	9999.000
136.30	-42.52	9999.000	9999.000
88.55	18.47	9999.000	9999.000
83.52	14.85	9999.000	9999.000
95.03	-19.60	2.563	34.864
74.09	5.35	9999.000	9999.000
104.74	-14.60	2.525	34.723
71.01	-52.85	9999.000	9999.000
126.41	-54.91	9999.000	9999.000
53.80	3.10	9999.000	9999.000
72.86	0.48	9999.000	9999.000
85.69	4.17	2.746	34.963
71.34	-3.41	9999.000	9999.000
91.65	-33.70	9999.000	9999.000
124.93	-55.06	9999.000	9999.000
80.99	-24.78	9999.000	9999.000
64.85	3.03	9999.000	9999.000
58.04	17.89	9999.000	9999.000
57.10	-20.82	9999.000	9999.000
69.69	-36.61	9999.000	9999.000
54.28	-39.87	9999.000	9999.000
59.02	3.28	9999.000	9999.000
82.50	-15.22	9999.000	9999.000
76.96	-26.92	9999.000	9999.000
53.98	-9.59	2.610	31.469
64.40	4.17	9999.000	9999.000
109.83	-22.56	9999.000	9999.000
91.96	0.60	2.855	34.782
93.12	-16.03	9999.000	9999.000
72.20	-20.67	9999.000	9999.000
58.85	2.76	9999.000	9999.000
132.41	-48.94	9999.000	9999.000
45.69	-35.98	9999.000	9999.000
85.29	-37.67	2.537	34.684
114.85	-37.08	2.312	34.708
48.94	-0.03	9999.000	9999.000
112.52	-29.76	2.370	34.705
41.43	-44.70	2.302	34.767
101.37	-44.01	9999.000	9999.000
45.51	-44.20	9999.000	9999.000
98.30	-1.43	9999.000	9999.000
113.84	-37.41	9999.000	9999.000
52.87	-12.85	9999.000	9999.000
68.97	-28.57	9999.000	9999.000
66.40	17.85	9999.000	9999.000
83.59	-17.89	2.556	34.759
76.87	2.30	2.688	36.017
63.39	18.86	3.188	34.851
63.67	14.20	2.913	34.832
41.52	-5.90	2.828	34.803
81.75	0.07	2.616	34.779
22.89	-52.69	9999.000	9999.000
44.61	-32.54	9999.000	9999.000
54.60	12.65	9999.000	9999.000
69.36	17.65	3.063	34.843
52.97	-30.07	9999.000	9999.000
97.90	-12.43	9999.000	9999.000
82.34	-55.70	9999.000	9999.000
48.76	-6.32	9999.000	9999.000
95.19	-50.04	9999.000	9999.000
69.88	-9.18	9999.000	9999.000
43.02	-9.89	9999.000	9999.000
49.22	-47.03	9999.000	9999.000
98.51	-54.90	9999.000	9999.000
75.12	-6.82	2.520	28.813
115.62	-38.01	2.572	34.683
142.30	-52.05	1.725	34.744
112.87	-21.73	2.570	34.715
68.55	-28.88	2.319	34.716
139.42	-46.42	9999.000	9999.000
106.35	-39.50	9999.000	9999.000
122.68	-36.38	2.361	34.706
62.58	-37.42	2.606	34.669
71.63	-19.13	9999.000	9999.000
53.53	10.71	9999.000	9999.000
138.06	-39.41	2.305	34.703
52.50	-25.76	9999.000	9999.000
93.29	0.06	9999.000	9999.000
66.08	15.58	9999.000	9999.000
94.01	-42.40	9999.000	9999.000
51.16	2.78	9999.000	9999.000
55.70	-34.84	9999.000	9999.000
144.38	-50.15	2.528	34.645
112.44	-20.29	9999.000	9999.000
69.40	-45.93	2.005	34.806
47.69	-27.96	9999.000	9999.000
121.15	-55.41	9999.000	9999.000
55.32	-13.28	9999.000	9999.000
41.35	-30.91	9999.000	9999.000
103.10	-44.54	9999.000	9999.000
38.23	-20.98	9999.000	9999.000
125.79	-36.38	2.382	34.694
136.64	-42.45	9999.000	9999.000
124.92	-36.30	9999.000	9999.000
28.20	-51.17	9999.000	9999.000
64.53	-13.00	2.223	34.719
68.40	12.97	9999.000	9999.000
67.32	14.55	3.064	34.838
73.49	-0.19	9999.000	9999.000
88.66	-0.96	9999.000	9999.000
90.40	2.56	9999.000	9999.000
43.28	-44.35	2.204	34.764
65.21	-27.51	9999.000	9999.000
106.60	-8.78	9999.000	9999.000
64.40	10.89	9999.000	9999.000
141.57	-53.86	9999.000	9999.000
96.72	-41.71	9999.000	9999.000
96.05	-40.56	9999.000	9999.000
64.13	11.29	9999.000	9999.000
137.38	-57.64	9999.000	9999.000
101.82	-18.88	2.494	34.950
93.01	-9.77	2.663	34.772
117.30	-56.55	9999.000	9999.000
64.77	18.26	9999.000	9999.000
63.93	13.14	9999.000	9999.000
125.79	-45.26	9999.000	9999.000
67.62	8.12	9999.000	9999.000
21.63	-36.94	2.852	34.833
108.30	-36.66	9999.000	9999.000
29.59	-49.09	9999.000	9999.000
50.98	-2.64	2.901	34.789
89.75	-5.18	9999.000	9999.000
142.40	-41.23	9999.000	9999.000
88.42	-50.14	9999.000	9999.000
66.22	12.99	9999.000	9999.000
135.20	-47.41	9999.000	9999.000
102.97	-27.99	9999.000	9999.000
120.34	-43.82	2.545	34.698
112.97	-21.54	9999.000	9999.000
36.61	-46.50	9999.000	9999.000
54.15	-28.58	9999.000	9999.000
92.06	-49.95	9999.000	9999.000
77.78	0.91	9999.000	9999.000
53.28	16.50	9999.000	9999.000
112.04	-56.53	9999.000	9999.000
86.43	-43.77	2.427	34.716
111.30	-31.05	9999.000	9999.000
27.06	-36.37	9999.000	9999.000
70.54	-26.23	9999.000	9999.000
88.09	-59.89	9999.000	9999.000
30.51	-43.51	2.575	34.773
34.48	-47.91	9999.000	9999.000
62.34	-35.80	2.590	34.983
86.00	0.07	2.547	34.800
132.34	-36.76	9999.000	9999.000
105.14	-49.23	9999.000	9999.000
53.08	-46.64	9999.000	9999.000
96.35	-55.78	9999.000	9999.000
138.79	-57.59	1.492	34.738
125.69	-34.03	9999.000	9999.000
67.00	11.79	9999.000	9999.000
137.42	-50.90	9999.000	9999.000
59.30	-25.27	9999.000	9999.000
48.10	-25.00	9999.000	9999.000
114.88	-54.32	9999.000	9999.000
43.31	-49.80	9999.000	9999.000
58.64	11.30	9999.000	9999.000
97.22	-10.10	9999.000	9999.000
105.78	-44.48	9999.000	9999.000
109.89	-21.11	2.344	34.719
97.88	-57.93	9999.000	9999.000
44.42	-12.14	9999.000	9999.000
65.99	-16.70	9999.000	9999.000
49.46	-20.75	9999.000	9999.000
65.95	11.28	4.161	34.760
92.21	-0.12	9999.000	9999.000
99.78	-23.46	9999.000	9999.000
121.95	-47.42	9999.000	9999.000
110.89	-57.12	1.139	34.724
113.67	-54.46	9999.000	9999.000
117.49	-55.41	9999.000	9999.000
100.18	-27.78	2.404	34.711
62.80	-38.47	2.651	34.657
81.88	-33.74	2.445	34.703
67.66	2.82	9999.000	9999.000
85.05	-19.71	9999.000	9999.000
67.23	21.63	9999.000	9999.000
63.15	14.69	9999.000	9999.000
83.46	0.72	9999.000	9999.000
67.18	-22.93	9999.000	9999.000
110.80	-18.72	9999.000	9999.000
60.15	-3.73	2.653	34.807
95.37	0.07	9999.000	9999.000
97.68	-1.76	2.715	34.808
78.77	-21.78	2.632	34.752
60.75	15.24	9999.000	9999.000
114.62	-15.53	2.488	34.720
64.67	-16.35	2.125	34.754
135.18	-41.85	9999.000	9999.000
59.70	-30.19	9999.000	9999.000
67.20	11.77	9999.000	9999.000
110.63	-39.98	2.593	34.661
76.97	-34.10	9999.000	9999.000
82.08	-43.51	9999.000	9999.000
129.48	-60.18	1.231	34.727
50.46	-23.13	9999.000	9999.000
65.76	-10.78	2.809	34.772
138.55	-53.81	1.837	34.748
132.31	-61.51	9999.000	9999.000
22.88	-49.39	9999.000	9999.000
131.70	-39.67	9999.000	9999.000
53.05	4.55	9999.000	9999.000
60.45	7.96	3.019	34.813
75.18	-24.26	9999.000	9999.000
102.92	-9.77	9999.000	9999.000
80.48	-0.34	9999.000	9999.000
98.55	-54.91	9999.000	9999.000
64.81	18.31	9999.000	9999.000
37.46	-32.30	9999.000	9999.000
89.79	-39.46	2.525	34.678
59.93	11.91	9999.000	9999.000
113.45	-17.19	9999.000	9999.000
24.50	-45.09	2.571	34.772
44.17	-31.48	9999.000	9999.000
95.44	-16.54	9999.000	9999.000
142.29	-41.21	9999.000	9999.000
66.90	10.08	9999.000	9999.000
49.22	-36.33	9999.000	9999.000
62.41	-14.93	9999.000	9999.000
121.45	-46.62	9999.000	9999.000
37.05	-48.51	2.195	34.772
72.17	-13.18	9999.000	9999.000
132.38	-53.66	9999.000	9999.000
80.85	-11.63	9999.000	9999.000
80.19	-24.83	9999.000	9999.000
51.68	-11.93	9999.000	9999.000
118.32	-15.37	9999.000	9999.000
100.59	-37.24	9999.000	9999.000
79.07	1.95	9999.000	9999.000
82.05	-42.79	2.560	34.658
71.64	-24.41	9999.000	9999.000
129.85	-61.67	9999.000	9999.000
126.07	-45.35	2.497	34.677
83.29	-12.90	2.649	34.840
83.33	12.97	2.815	34.787
64.84	-38.81	2.785	34.606
67.55	16.53	3.205	34.847
30.74	-53.11	9999.000	9999.000
67.43	11.92	9999.000	9999.000
139.32	-46.53	9999.000	9999.000
51.62	-25.04	9999.000	9999.000
141.48	-47.74	9999.000	9999.000
79.61	0.55	9999.000	9999.000
59.23	-13.72	9999.000	9999.000
83.34	-25.25	9999.000	9999.000
120.54	-38.29	9999.000	9999.000
124.54	-41.12	9999.000	9999.000
84.70	-2.96	9999.000	9999.000
52.57	-32.90	9999.000	9999.000
82.67	-63.98	9999.000	9999.000
98.08	-22.74	9999.000	9999.000
98.66	-34.88	9999.000	9999.000
95.61	-33.53	2.547	34.696
97.60	-61.69	9999.000	9999.000
60.54	-29.07	9999.000	9999.000
109.00	-33.83	9999.000	9999.000
128.23	-36.02	9999.000	9999.000
132.69	-45.72	9999.000	9999.000
68.70	-30.81	9999.000	9999.000
42.19	-37.21	9999.000	9999.000
106.29	-7.12	9999.000	9999.000
96.13	-23.87	9999.000	9999.000
69.97	-45.76	2.000	34.754
80.71	-1.72	9999.000	9999.000
78.30	-5.70	9999.000	9999.000
76.69	-4.35	9999.000	9999.000
70.96	-15.79	9999.000	9999.000
87.40	-17.86	2.693	34.739
86.23	-11.44	9999.000	9999.000
93.39	2.19	2.816	34.779
68.08	11.11	9999.000	9999.000
65.47	12.84	9999.000	9999.000
101.53	-5.17	2.729	34.764
102.01	-55.77	9999.000	9999.000
88.17	-16.30	9999.000	9999.000
93.58	-13.28	2.568	34.738
74.89	-10.55	9999.000	9999.000
104.83	-35.69	9999.000	9999.000
85.64	3.84	2.685	34.778
73.87	1.88	9999.000	9999.000
86.12	-18.56	9999.000	9999.000
24.59	-36.36	9999.000	9999.000
48.06	-48.23	2.044	34.780
95.52	-55.92	9999.000	9999.000
42.41	-23.64	9999.000	9999.000
60.04	-23.35	9999.000	9999.000
73.43	7.04	9999.000	9999.000
33.16	-26.52	9999.000	9999.000
84.72	-2.78	9999.000	9999.000
53.84	-15.99	2.479	34.724
52.84	-40.39	9999.000	9999.000
109.00	-33.83	9999.000	9999.000
113.23	-36.32	2.567	34.682
71.04	-52.88	9999.000	9999.000
66.29	-50.20	1.579	34.751
60.37	14.52	9999.000	9999.000
65.11	18.95	9999.000	9999.000
88.52	-60.05	9999.000	9999.000
95.59	-49.88	9999.000	9999.000
88.86	-50.31	9999.000	9999.000
141.23	-41.26	9999.000	9999.000
111.40	-35.68	9999.000	9999.000
105.44	-49.37	9999.000	9999.000
45.17	-48.52	9999.000	9999.000
26.85	-35.50	9999.000	9999.000
88.05	13.65	9999.000	9999.000
71.61	-21.68	9999.000	9999.000
91.10	11.77	9999.000	9999.000
85.40	15.93	2.963	35.284
88.00	14.23	9999.000	9999.000
136.95	-40.89	9999.000	9999.000
88.24	-19.20	9999.000	9999.000
75.38	-11.91	2.797	34.749
44.55	-32.77	9999.000	9999.000
101.56	-26.60	2.458	34.715
137.87	-50.66	9999.000	9999.000
71.33	8.88	9999.000	9999.000
110.59	-38.73	2.530	34.673
83.71	-42.96	2.532	34.698
141.69	-39.66	9999.000	9999.000
91.77	-32.22	9999.000	9999.000
31.59	-46.43	9999.000	9999.000
24.70	-60.55	9999.000	9999.000
22.55	-49.95	9999.000	9999.000
123.52	-49.16	9999.000	9999.000
45.49	-27.45	9999.000	9999.000
96.03	-27.16	9999.000	9999.000
40.84	-17.42	9999.000	9999.000
65.90	-2.79	9999.000	9999.000
110.72	-14.60	9999.000	9999.000
116.27	-15.40	9999.000	9999.000
117.06	-13.68	9999.000	9999.000
98.52	-20.21	9999.000	9999.000
139.40	-41.08	9999.000	9999.000
29.89	-65.67	9999.000	9999.000
59.76	-2.05	2.687	34.767
47.07	-49.49	9999.000	9999.000
100.99	-29.88	9999.000	9999.000
54.48	-8.10	9999.000	9999.000
96.27	-30.62	9999.000	9999.000
70.17	-21.02	9999.000	9999.000
117.22	-41.28	2.551	34.761
57.98	-56.02	9999.000	9999.000
103.47	-38.15	9999.000	9999.000
84.56	0.58	9999.000	9999.000
84.89	16.55	9999.000	9999.000
102.78	-23.99	9999.000	9999.000
89.79	2.08	9999.000	9999.000
142.55	-61.36	9999.000	9999.000
67.18	5.77	9999.000	9999.000
107.75	-47.65	9999.000	9999.000
92.77	-11.49	2.610	34.739
123.44	-44.98	9999.000	9999.000
93.63	-49.99	2.048	34.742
25.62	-51.60	0.892	34.710
99.79	-25.51	9999.000	9999.000
31.57	-54.02	9999.000	9999.000
23.12	-51.40	0.773	34.697
113.36	-35.96	9999.000	9999.000
39.20	-27.10	9999.000	9999.000
97.71	-38.63	2.539	34.670
31.25	-30.80	9999.000	9999.000
41.83	-45.75	9999.000	9999.000
61.68	-12.74	9999.000	9999.000
87.53	-45.21	2.344	34.744
53.41	-21.44	9999.000	9999.000
142.73	-48.45	9999.000	9999.000
72.51	3.50	2.623	34.824
120.35	-60.01	9999.000	9999.000
68.00	15.17	9999.000	9999.000
126.77	-43.05	9999.000	9999.000
87.67	-0.42	9999.000	9999.000
121.84	-42.40	9999.000	9999.000
54.47	-33.60	2.607	34.658
88.75	-40.06	2.506	32.940
115.21	-16.82	9999.000	9999.000
84.09	-47.54	9999.000	9999.000
81.75	-42.35	2.567	34.669
66.08	16.85	9999.000	9999.000
74.87	-16.57	9999.000	9999.000
98.61	-54.94	9999.000	9999.000
55.33	-41.12	2.513	34.707
38.02	-45.11	2.350	34.776
80.70	-44.66	9999.000	9999.000
81.14	3.53	2.607	34.776
48.59	-29.79	2.468	34.730
143.72	-64.98	0.092	34.673
139.24	-46.63	9999.000	9999.000
130.75	-41.98	9999.000	9999.000
91.39	-23.73	9999.000	9999.000
139.27	-54.12	9999.000	9999.000
121.38	-41.20	9999.000	9999.000
96.46	-17.37	9999.000	9999.000
91.65	0.74	2.891	34.784
72.36	-29.00	9999.000	9999.000
88.53	18.55	9999.000	9999.000
34.00	-49.48	1.580	34.792
91.82	-16.86	9999.000	9999.000
76.84	2.87	9999.000	9999.000
97.07	-1.79	9999.000	9999.000
98.07	-28.43	9999.000	9999.000
93.52	-27.67	9999.000	9999.000
70.70	-37.02	9999.000	9999.000
41.58	-27.90	9999.000	9999.000
88.69	-19.56	9999.000	9999.000
43.78	-57.37	0.544	34.683
65.34	16.84	9999.000	9999.000
40.14	-23.41	9999.000	9999.000
103.50	-7.31	9999.000	9999.000
115.67	-11.48	9999.000	9999.000
90.61	-27.02	9999.000	9999.000
86.02	-41.13	2.528	34.681
82.71	-12.06	9999.000	9999.000
60.85	-37.75	9999.000	9999.000
45.04	-4.36	9999.000	9999.000
59.08	-5.64	9999.000	9999.000
75.00	-6.96	9999.000	9999.000
86.53	-19.28	9999.000	9999.000
125.79	-56.72	1.497	34.740
89.33	-36.15	9999.000	9999.000
105.06	-59.66	9999.000	9999.000
39.82	-49.04	1.879	34.785
89.35	-49.60	9999.000	9999.000
77.48	-17.77	9999.000	9999.000
64.64	-2.06	2.647	34.771
113.06	-29.93	9999.000	9999.000
51.20	-10.80	9999.000	9999.000
92.36	-41.20	9999.000	9999.000
32.76	-33.66	9999.000	9999.000
109.08	-23.05	9999.000	9999.000
58.79	-12.34	9999.000	9999.000
106.98	-14.93	9999.000	9999.000
81.86	-0.86	9999.000	9999.000
25.55	-51.68	0.916	34.715
80.55	-8.34	9999.000	9999.000
25.19	-47.44	9999.000	9999.000
85.73	-56.88	9999.000	9999.000
25.25	-48.78	1.947	34.755
24.18	-50.25	1.700	34.757
93.05	-15.66	2.525	34.740
84.85	-33.66	2.507	34.689
52.22	-9.99	9999.000	9999.000
86.47	-0.87	9999.000	9999.000
71.02	-52.91	9999.000	9999.000
116.19	-47.41	2.338	34.724
105.33	-49.53	9999.000	9999.000
132.37	-43.64	2.449	34.673
111.93	-36.05	9999.000	9999.000
134.41	-38.89	9999.000	9999.000
68.33	9.20	9999.000	9999.000
105.06	-8.26	9999.000	9999.000
94.61	-32.68	2.398	34.700
98.62	-49.46	9999.000	9999.000
128.76	-39.76	9999.000	9999.000
116.32	-47.77	9999.000	9999.000
111.26	-18.26	9999.000	9999.000
140.37	-64.14	9999.000	9999.000
118.20	-14.09	9999.000	9999.000
143.52	-43.17	9999.000	9999.000
86.40	-59.51	9999.000	9999.000
44.64	1.62	9999.000	9999.000
33.44	-38.03	9999.000	9999.000
128.78	-36.22	9999.000	9999.000
124.99	-49.02	9999.000	9999.000
101.67	-9.24	9999.000	9999.000
25.03	-39.65	2.714	34.756
59.29	-38.38	9999.000	9999.000
104.64	-62.98	9999.000	9999.000
66.89	12.99	9999.000	9999.000
106.61	-64.26	9999.000	9999.000
99.46	-52.47	1.435	34.717
88.77	-60.13	9999.000	9999.000
95.14	-56.16	9999.000	9999.000
88.27	-50.77	9999.000	9999.000
67.45	-53.28	9999.000	9999.000
125.62	-50.94	2.131	34.741
82.87	0.05	9999.000	9999.000
115.45	-43.55	9999.000	9999.000
61.42	11.09	9999.000	9999.000
104.38	-18.32	2.493	34.719
58.23	-3.90	2.693	34.796
62.44	-66.40	9999.000	9999.000
138.22	-50.38	9999.000	9999.000
105.14	-34.48	9999.000	9999.000
27.65	-44.68	9999.000	9999.000
118.50	-13.81	9999.000	9999.000
116.26	-15.09	2.371	34.721
84.05	-4.23	9999.000	9999.000
62.82	8.60	9999.000	9999.000
103.46	-31.44	9999.000	9999.000
36.46	-23.26	9999.000	9999.000
83.43	-36.24	9999.000	9999.000
87.71	15.40	9999.000	9999.000
97.11	-9.58	9999.000	9999.000
84.14	6.37	2.716	34.793
87.68	-50.35	9999.000	9999.000
107.27	-35.25	2.544	34.639
142.73	-62.16	9999.000	9999.000
20.26	-39.55	9999.000	9999.000
105.96	-20.70	9999.000	9999.000
141.65	-40.01	2.267	34.700
101.57	-14.40	9999.000	9999.000
98.87	-7.64	2.551	34.741
83.48	-28.32	2.567	34.699
34.17	-41.94	2.617	34.774
59.82	-18.21	9999.000	9999.000
129.68	-35.11	9999.000	9999.000
88.42	-10.99	9999.000	9999.000
137.11	-63.06	0.600	34.693
131.72	-36.22	9999.000	9999.000
72.31	-9.00	9999.000	9999.000
61.91	1.62	2.946	34.791
125.58	-43.43	9999.000	9999.000
72.09	-40.92	9999.000	9999.000
83.66	2.51	2.857	34.783
95.45	-37.78	9999.000	9999.000
135.87	-41.39	9999.000	9999.000
67.26	21.63	9999.000	9999.000
70.81	-11.90	9999.000	9999.000
89.03	-0.80	9999.000	9999.000
90.55	2.86	2.677	34.785
74.01	-0.24	9999.000	9999.000
99.63	-7.96	9999.000	9999.000
84.35	-9.88	2.526	34.741
67.65	13.96	9999.000	9999.000
138.19	-37.44	2.282	34.713
84.14	-44.21	9999.000	9999.000
49.83	-38.49	2.601	34.679
97.48	-30.61	9999.000	9999.000
57.53	2.38	9999.000	9999.000
20.72	-43.34	9999.000	9999.000
29.14	-45.22	9999.000	9999.000
22.75	-46.56	2.368	34.743
67.54	10.99	3.073	34.813
37.83	-30.32	9999.000	9999.000
90.69	-35.79	2.538	34.686
68.85	-54.29	9999.000	9999.000
74.92	-23.65	9999.000	9999.000
52.27	-1.55	9999.000	9999.000
50.61	-25.34	2.464	34.733
109.06	-12.81	9999.000	9999.000
65.52	-44.25	9999.000	9999.000
33.89	-41.10	9999.000	9999.000
138.70	-62.03	9999.000	9999.000
124.15	-41.83	2.508	34.674
49.46	-20.25	9999.000	9999.000
123.06	-38.07	9999.000	9999.000
34.54	-41.38	9999.000	9999.000
87.48	-1.02	9999.000	9999.000
113.58	-44.20	9999.000	9999.000
20.70	-35.98	9999.000	9999.000
88.34	-41.79	9999.000	9999.000
97.28	-12.30	9999.000	9999.000
22.32	-47.69	9999.000	9999.000
119.46	-55.91	9999.000	9999.000
79.20	-21.10	9999.000	9999.000
52.19	-3.04	9999.000	9999.000
58.08	-44.74	2.384	34.744
65.88	-60.57	0.912	34.711
66.06	11.10	9999.000	9999.000
23.97	-45.25	9999.000	9999.000
95.61	-49.48	9999.000	9999.000
69.58	16.57	9999.000	9999.000
76.47	-24.00	9999.000	9999.000
98.65	-54.96	9999.000	9999.000
42.07	-50.55	9999.000	9999.000
97.33	-25.38	9999.000	9999.000
139.15	-46.70	9999.000	9999.000
84.75	3.37	2.873	34.789
41.85	-26.80	9999.000	9999.000
68.57	-8.60	9999.000	9999.000
73.03	-10.91	9999.000	9999.000
75.04	-36.38	2.548	34.720
93.89	-63.69	9999.000	9999.000
56.66	-32.84	2.636	34.697
66.61	-7.61	9999.000	9999.000
68.10	-11.19	9999.000	9999.000
55.81	9.08	9999.000	9999.000
51.90	0.51	9999.000	9999.000
86.69	1.05	9999.000	9999.000
62.72	8.27	3.012	34.830
99.74	-9.65	9999.000	9999.000
92.79	-6.33	9999.000	9999.000
125.77	-56.70	1.494	34.740
69.92	18.62	9999.000	9999.000
90.78	1.01	9999.000	9999.000
68.37	15.76	9999.000	9999.000
109.62	-30.54	2.366	34.699
66.99	17.08	9999.000	9999.000
101.96	-37.07	9999.000	9999.000
133.04	-58.23	1.413	34.736
70.52	16.35	9999.000	9999.000
84.25	-33.34	2.415	34.701
64.31	21.20	9999.000	9999.000
67.64	17.67	9999.000	9999.000
133.86	-49.80	9999.000	9999.000
72.25	14.44	9999.000	9999.000
91.99	-42.00	9999.000	9999.000
131.09	-36.14	2.386	34.694
75.58	-41.31	9999.000	9999.000
107.88	-21.97	2.415	34.719
82.41	-7.69	9999.000	9999.000
96.89	-53.42	9999.000	9999.000
84.95	-19.90	9999.000	9999.000
73.89	-21.02	9999.000	9999.000
90.08	-37.28	2.462	34.692
83.92	0.34	2.685	34.770
140.08	-44.17	9999.000	9999.000
100.22	-40.47	9999.000	9999.000
84.87	-31.85	9999.000	9999.000
132.70	-38.89	2.394	34.689
33.01	-37.78	9999.000	9999.000
116.02	-41.57	9999.000	9999.000
60.72	15.23	9999.000	9999.000
63.95	14.23	3.038	34.841
21.10	-42.13	2.703	34.799
78.92	1.66	9999.000	9999.000
99.65	-30.18	9999.000	9999.000
33.18	-47.09	9999.000	9999.000
37.55	-24.95	9999.000	9999.000
82.64	-41.01	9999.000	9999.000
123.89	-52.74	9999.000	9999.000
42.27	-19.64	2.657	34.761
109.22	-43.16	9999.000	9999.000
99.58	-46.18	2.226	34.742
88.85	-60.11	9999.000	9999.000
67.55	10.13	2.979	34.815
52.31	10.43	9999.000	9999.000
39.01	-35.26	9999.000	9999.000
45.63	-41.69	9999.000	9999.000
71.63	-24.62	9999.000	9999.000
48.69	-35.56	9999.000	9999.000
129.89	-41.45	2.424	34.701
61.32	-0.16	2.826	34.779
105.38	-11.88	2.501	34.733
118.20	-55.03	9999.000	9999.000
53.77	-28.16	2.447	34.730
102.29	-38.38	9999.000	9999.000
51.83	-23.46	9999.000	9999.000
91.33	0.89	2.923	34.786
70.65	17.49	9999.000	9999.000
107.42	-59.76	0.823	34.702
99.07	-37.74	9999.000	9999.000
114.72	-46.41	9999.000	9999.000
119.06	-62.74	9999.000	9999.000
143.37	-45.34	2.413	34.680
77.25	-29.59	9999.000	9999.000
109.75	-33.49	9999.000	9999.000
71.02	-52.92	9999.000	9999.000
63.65	12.43	3.223	34.852
66.94	11.97	3.117	34.828
65.09	18.92	9999.000	9999.000
42.16	-30.79	9999.000	9999.000
94.89	-56.36	9999.000	9999.000
34.22	-42.34	2.633	34.779
56.49	8.26	9999.000	9999.000
67.61	-37.84	2.702	34.639
105.15	-49.53	9999.000	9999.000
105.52	-43.44	2.532	34.669
83.33	13.10	2.751	34.784
81.66	-63.93	9999.000	9999.000
98.45	-17.32	9999.000	9999.000
94.15	-64.43	9999.000	9999.000
138.57	-50.16	9999.000	9999.000
130.05	-58.40	1.431	34.731
92.66	-52.35	9999.000	9999.000
96.17	-19.98	9999.000	9999.000
43.15	-23.69	9999.000	9999.000
54.15	2.02	9999.000	9999.000
90.01	-28.40	9999.000	9999.000
66.07	2.35	2.785	34.781
58.29	11.36	9999.000	9999.000
79.70	5.06	9999.000	9999.000
68.38	12.79	9999.000	9999.000
67.92	13.95	9999.000	9999.000
104.36	-29.98	9999.000	9999.000
100.01	-27.34	9999.000	9999.000
60.05	17.06	9999.000	9999.000
82.95	15.35	9999.000	9999.000
57.60	17.09	9999.000	9999.000
39.68	-51.96	1.030	34.719
130.13	-62.64	0.943	34.722
135.77	-42.57	9999.000	9999.000
91.05	-62.10	9999.000	9999.000
68.03	-1.18	2.801	34.788
123.84	-56.41	9999.000	9999.000
45.38	-26.60	9999.000	9999.000
60.61	1.29	2.894	34.790
76.37	-4.23	9999.000	9999.000
80.58	-1.85	9999.000	9999.000
66.33	17.78	9999.000	9999.000
78.35	-5.51	9999.000	9999.000
66.86	-13.86	2.691	34.729
83.36	-0.55	9999.000	9999.000
125.50	-61.14	0.936	34.718
68.21	-15.02	9999.000	9999.000
36.14	-40.10	2.834	35.449
67.94	11.13	9999.000	9999.000
65.60	12.93	9999.000	9999.000
77.85	-20.77	9999.000	9999.000
72.34	-16.60	2.485	34.777
115.49	-11.31	9999.000	9999.000
94.77	-29.87	2.601	34.629
71.39	-58.36	9999.000	9999.000
84.05	4.55	9999.000	9999.000
50.59	7.96	9999.000	9999.000
115.62	-38.04	2.561	34.681
82.45	-12.69	9999.000	9999.000
65.36	17.61	9999.000	9999.000
109.18	-30.02	9999.000	9999.000
111.12	-9.07	9999.000	9999.000
35.40	-51.30	9999.000	9999.000
49.65	-19.54	2.704	34.720
35.98	-30.67	9999.000	9999.000
77.47	-22.62	9999.000	9999.000
90.16	-29.81	2.440	28.145
84.92	-54.71	9999.000	9999.000
56.93	-54.88	9999.000	9999.000
121.07	-40.62	9999.000	9999.000
134.65	-49.20	2.445	34.696
105.96	-11.87	2.529	34.728
78.79	4.11	9999.000	9999.000
48.73	-50.69	1.642	34.754
80.37	-13.87	9999.000	9999.000
98.66	-54.97	9999.000	9999.000
90.32	-18.25	9999.000	9999.000
89.20	-56.68	9999.000	9999.000
70.51	-11.06	2.873	34.758
88.17	13.88	9999.000	9999.000
85.32	15.52	2.883	35.329
91.10	11.90	2.736	34.769
88.30	14.42	9999.000	9999.000
133.86	-47.96	9999.000	9999.000
109.48	-42.84	9999.000	9999.000
70.18	-16.23	9999.000	9999.000
86.28	-4.02	9999.000	9999.000
33.93	-47.72	2.402	34.754
81.17	1.33	9999.000	9999.000
121.24	-44.01	9999.000	9999.000
139.04	-46.76	9999.000	9999.000
81.45	-60.79	9999.000	9999.000
103.54	-21.94	9999.000	9999.000
135.89	-50.18	2.173	34.734
62.49	-9.00	9999.000	9999.000
120.32	-37.81	9999.000	9999.000
116.64	-14.47	2.458	34.722
77.13	-31.57	2.394	34.724
73.79	-30.80	9999.000	9999.000
20.75	-40.35	9999.000	9999.000
90.03	8.90	2.737	34.837
89.21	10.59	9999.000	9999.000
43.36	-10.21	9999.000	9999.000
72.35	-26.86	9999.000	9999.000
63.80	12.74	9999.000	9999.000
115.67	-15.96	2.418	34.721
53.97	13.89	9999.000	9999.000
71.09	-19.14	2.705	32.499
96.74	-49.12	1.823	34.749
109.24	-45.02	2.636	34.642
95.50	-41.05	2.459	34.693
137.65	-51.32	9999.000	9999.000
60.30	-49.18	1.871	34.765
126.86	-47.60	9999.000	9999.000
40.51	-34.95	2.795	34.682
75.97	-34.21	9999.000	9999.000
101.62	-44.56	2.498	34.703
61.68	-6.08	9999.000	9999.000
48.26	-58.25	9999.000	9999.000
62.81	-6.47	9999.000	9999.000
69.64	-13.54	2.642	34.730
42.61	-19.01	9999.000	9999.000
84.36	-37.95	9999.000	9999.000
91.81	-16.98	9999.000	9999.000
96.23	-30.39	9999.000	9999.000
52.47	10.40	9999.000	9999.000
30.41	-32.00	2.750	34.735
69.14	-10.29	9999.000	9999.000
86.99	-8.12	9999.000	9999.000
113.66	-32.38	9999.000	9999.000
69.62	-51.64	9999.000	9999.000
84.98	0.32	9999.000	9999.000
82.21	-4.85	9999.000	9999.000
84.70	16.22	9999.000	9999.000
102.51	-24.43	9999.000	9999.000
54.83	-31.02	9999.000	9999.000
72.49	-10.38	9999.000	9999.000
112.75	-9.47	9999.000	9999.000
30.27	-31.25	9999.000	9999.000
67.24	5.91	9999.000	9999.000
109.07	-32.43	9999.000	9999.000
91.13	-18.70	9999.000	9999.000
69.68	13.31	9999.000	9999.000
42.38	-40.31	2.734	34.739
87.18	-31.28	2.547	34.688
90.76	-25.83	9999.000	9999.000
20.28	-37.52	2.556	34.828
44.16	-53.20	9999.000	9999.000
102.03	-31.81	9999.000	9999.000
91.12	-8.62	9999.000	9999.000
99.93	-54.03	9999.000	9999.000
112.66	-47.62	9999.000	9999.000
106.60	-8.94	9999.000	9999.000
101.94	-45.78	9999.000	9999.000
135.32	-38.69	9999.000	9999.000
121.79	-49.10	9999.000	9999.000
50.51	-19.91	9999.000	9999.000
92.12	-35.82	9999.000	9999.000
76.46	-20.78	9999.000	9999.000
92.62	-31.19	9999.000	9999.000
77.52	-44.08	2.541	34.690
103.25	-53.85	1.098	34.716
60.00	13.10	9999.000	9999.000
99.87	-18.50	9999.000	9999.000
87.84	-49.89	9999.000	9999.000
94.71	-56.46	9999.000	9999.000
88.92	-60.04	9999.000	9999.000
95.26	-49.13	9999.000	9999.000
137.22	-38.19	9999.000	9999.000
116.41	-41.16	9999.000	9999.000
105.08	-49.41	9999.000	9999.000
106.48	-15.12	9999.000	9999.000
113.66	-51.06	9999.000	9999.000
86.21	-31.24	9999.000	9999.000
113.32	-36.34	9999.000	9999.000
56.47	-20.64	2.421	34.776
108.70	-43.08	2.539	34.677
85.49	-2.91	9999.000	9999.000
109.07	-32.43	2.331	34.732
138.97	-50.02	9999.000	9999.000
112.22	-64.05	9999.000	9999.000
59.26	-28.51	9999.000	9999.000
94.88	-19.46	9999.000	9999.000
88.60	18.57	9999.000	9999.000
87.02	-17.59	9999.000	9999.000
71.03	-52.92	9999.000	9999.000
73.73	5.45	9999.000	9999.000
