115.30	-15.14	22.852	34.758
105.99	-8.00	19.095	34.565
126.82	-47.78	9.586	34.667
37.86	19.72	23.070	40.375
93.35	-31.21	13.457	35.292
94.84	-51.36	3.294	33.960
92.30	-34.77	14.955	35.631
41.34	-32.91	17.327	35.590
135.81	-49.81	7.849	34.374
76.99	-33.98	14.737	35.423
95.64	-40.19	11.320	34.924
95.61	-42.86	11.269	34.922
62.15	-6.10	15.137	35.142
50.50	-57.62	-0.198	33.962
59.81	12.48	23.790	35.982
139.48	-38.70	12.510	35.274
42.29	-19.40	24.372	35.112
71.54	-14.11	22.136	35.398
54.16	-31.04	17.773	35.631
68.76	-51.76	1.895	33.885
95.45	-29.52	17.176	35.830
68.25	-10.63	16.827	35.080
84.26	-37.25	12.885	35.185
33.02	-30.12	21.188	35.422
101.90	-23.93	19.025	35.861
82.05	0.82	17.539	35.040
59.99	21.67	19.284	36.247
83.91	15.87	16.176	34.924
84.14	-7.93	18.902	34.607
67.81	6.31	19.247	35.448
86.48	-3.72	9999.000	9999.000
37.91	19.92	23.201	40.412
48.21	-30.21	17.753	35.549
36.67	-39.65	17.113	35.570
69.55	13.40	17.978	35.343
84.71	-17.69	22.889	35.122
62.32	-6.28	15.218	35.166
89.23	-19.22	21.261	35.382
43.41	-52.80	0.807	34.029
55.59	16.72	15.914	35.674
102.66	-31.62	14.374	35.508
143.67	-48.73	8.922	34.529
46.89	12.80	15.221	35.701
136.83	-42.41	10.926	34.941
98.35	-45.75	6.055	34.143
99.03	-54.00	1.497	34.028
84.71	14.42	2.490	8.794
111.81	-46.87	9.872	34.739
108.29	-45.31	10.018	34.774
82.22	-15.39	23.116	35.158
122.33	-48.92	7.705	34.344
83.20	-0.35	2.490	8.801
122.50	-63.72	1.452	34.617
50.19	-19.93	23.976	35.133
36.88	23.05	23.490	40.348
45.07	-31.89	17.133	35.574
71.03	-52.70	1.646	33.883
87.01	-51.97	2.201	33.963
78.15	-20.95	22.882	35.277
100.15	-52.51	2.285	33.981
78.62	-45.68	8.416	34.231
65.49	19.44	21.750	36.220
86.26	-54.27	0.833	34.081
77.12	-20.46	22.455	35.369
86.59	-58.97	0.303	34.010
99.04	-18.54	22.549	34.924
71.34	9.94	18.722	35.323
56.48	-20.19	22.213	35.454
117.14	-40.89	11.578	34.959
106.32	-15.29	20.866	34.737
97.34	-55.87	2.300	34.015
104.46	-49.39	3.670	33.971
95.76	-49.70	4.414	34.006
135.29	-39.82	11.952	35.160
89.94	-27.35	16.967	35.599
135.62	-50.24	7.461	34.323
109.73	-42.11	10.112	34.708
110.69	-52.19	2.007	33.996
111.38	-12.37	19.267	34.714
95.39	-19.36	21.720	34.937
88.80	18.23	19.979	34.830
144.19	-47.75	9.512	34.630
58.07	12.05	21.949	36.647
68.37	12.93	20.374	35.912
41.12	-5.08	14.851	35.200
74.62	6.01	20.247	35.272
55.02	3.37	20.869	35.447
72.05	0.04	18.765	35.304
124.18	-55.62	2.664	33.938
114.20	-57.02	2.248	33.956
114.76	-37.70	13.387	35.247
54.60	12.61	18.610	35.476
71.05	-3.94	18.031	35.178
69.25	-28.61	18.120	35.834
92.11	-33.01	16.882	35.884
58.16	18.02	19.512	35.880
124.20	-52.68	4.170	33.991
58.09	2.12	18.222	35.269
85.73	4.34	21.363	34.254
56.50	-20.87	22.199	35.388
64.61	3.20	17.742	35.424
109.64	-34.18	13.628	35.353
52.30	-38.48	16.290	35.599
54.35	-9.28	16.305	31.094
111.80	-31.69	16.715	35.753
59.35	-25.20	19.599	35.544
72.28	-21.65	21.923	35.522
76.75	-26.17	19.866	35.695
138.23	-57.57	1.365	33.913
132.93	-48.93	9.027	34.609
45.19	-34.52	15.606	35.506
98.35	-12.62	23.627	34.359
86.17	-37.34	12.338	35.103
93.21	-16.04	21.403	35.057
41.08	-44.89	4.973	33.870
47.44	0.34	14.387	35.185
49.91	-6.14	15.773	35.202
43.32	-10.57	2.665	8.757
76.98	1.20	16.908	36.400
98.62	-1.72	23.315	34.837
82.04	-0.73	18.132	35.206
66.55	17.93	21.599	36.214
45.35	-44.60	4.873	33.795
100.51	-45.44	9.976	34.716
83.49	-17.48	21.768	35.371
52.78	-12.39	21.767	35.291
92.04	0.97	21.522	35.081
69.83	-36.19	13.586	35.330
20.55	-52.73	0.355	34.117
29.97	-31.70	16.361	35.350
113.83	-30.61	16.269	35.715
83.53	-54.73	-0.016	34.130
107.05	-44.62	10.051	34.758
69.06	18.41	20.049	35.679
112.52	-11.16	19.067	24.090
63.86	18.78	21.057	36.104
64.67	14.05	23.137	36.219
75.92	-10.88	20.626	35.175
78.31	-50.72	1.193	33.971
109.64	-34.18	13.566	35.331
53.44	-29.24	16.615	35.608
55.63	10.11	9999.000	9999.000
92.50	-9.58	19.870	34.565
71.97	-9.18	19.706	35.232
82.58	-4.62	2.339	8.755
112.78	-22.55	20.729	35.427
48.59	-47.77	3.245	33.786
82.09	9.98	15.331	34.940
98.39	-54.24	0.628	34.046
75.87	-6.74	18.747	28.917
106.86	-41.06	10.358	34.760
140.11	-53.43	2.080	33.895
69.01	-28.68	18.368	35.844
59.95	-49.33	3.407	33.719
142.03	-47.91	9.374	34.604
141.16	-46.44	9.140	34.576
91.34	-8.22	17.902	34.519
61.07	-37.63	13.997	35.388
71.95	-19.36	21.964	33.112
71.77	-26.54	20.220	35.712
56.22	11.75	22.072	35.648
88.14	11.08	18.862	34.897
90.51	8.57	19.338	34.663
62.36	11.92	22.129	35.883
51.89	-26.89	17.956	35.570
58.70	-13.72	22.133	35.265
66.82	15.74	20.340	35.941
137.06	-42.32	10.951	34.958
51.90	-25.41	23.335	35.253
79.82	-0.55	20.231	21.355
92.74	-0.22	26.283	35.221
62.89	12.48	21.207	35.755
51.64	2.32	17.326	35.266
137.29	-58.20	1.311	33.893
55.28	-36.66	15.763	35.531
140.67	-49.85	8.649	34.505
46.61	-27.70	23.029	35.287
37.90	-21.71	20.422	35.317
103.63	-27.59	16.980	35.795
55.06	-13.17	24.493	34.946
125.62	-36.25	15.200	35.585
70.51	-44.65	10.591	34.773
42.19	-31.21	16.981	35.579
64.44	-13.00	21.868	35.258
28.72	-49.90	1.434	33.961
113.02	-22.54	20.646	35.418
44.73	-44.22	4.298	33.811
67.07	14.53	22.026	36.207
143.44	-41.72	12.418	35.251
68.28	13.19	19.276	35.699
64.31	11.26	18.724	35.706
86.96	-0.37	16.622	35.111
90.30	1.89	25.761	35.340
73.01	-0.18	19.152	35.288
47.02	11.81	16.064	35.694
140.84	-53.95	2.085	33.878
49.61	-2.90	17.072	35.233
84.52	-26.84	16.021	32.110
53.40	16.54	18.181	35.575
41.84	-47.41	3.054	33.828
63.68	11.26	20.888	36.012
125.56	-35.21	14.776	35.494
97.89	-41.76	10.997	34.935
95.77	-40.78	11.266	34.936
126.05	-45.04	9.851	34.655
64.94	18.11	21.099	38.475
70.96	-52.65	1.762	33.884
101.60	-18.56	21.031	35.724
108.11	-36.73	11.681	35.010
67.76	8.58	17.364	35.273
61.77	3.52	19.839	35.301
85.65	-53.92	1.062	34.072
85.84	-58.87	-0.198	34.060
58.27	11.78	22.891	36.094
48.40	-24.29	23.933	35.137
25.80	-47.47	4.425	33.830
134.21	-47.60	9.166	34.588
66.28	12.71	19.775	35.692
89.10	-5.43	18.680	35.036
116.59	-52.80	1.735	33.971
104.51	-49.68	3.588	34.049
97.17	-10.78	24.073	34.568
120.73	-43.31	9.934	34.708
65.54	-29.26	17.638	35.679
98.02	-57.46	-0.240	34.045
35.81	-46.62	6.737	34.081
109.75	-23.85	19.654	35.666
111.23	-30.47	17.887	35.829
55.46	-29.09	17.974	0.073
90.39	-49.61	5.909	33.930
98.47	-2.45	24.148	35.138
30.35	-43.14	8.316	34.268
113.65	-55.26	2.082	33.937
30.60	-48.99	5.564	33.877
86.42	-44.13	9.943	34.718
27.64	-35.50	16.062	35.491
62.24	-37.14	14.368	35.745
132.25	-37.46	13.214	35.290
126.03	-34.08	14.133	35.382
78.51	1.13	18.342	35.215
81.10	-24.47	19.985	35.744
52.93	-46.38	2.847	33.826
97.62	-55.61	2.341	34.010
83.17	0.95	19.995	35.283
70.52	-26.21	19.044	35.706
59.60	-4.45	14.496	35.189
67.00	11.87	19.529	35.715
63.72	3.98	18.444	35.485
39.85	18.79	22.896	40.386
65.92	-10.22	16.170	35.113
135.44	-50.18	7.629	34.355
109.25	-21.05	20.315	35.454
56.60	1.92	17.164	35.249
72.07	-23.87	21.871	35.492
104.53	-14.30	22.032	34.740
106.60	-8.85	9999.000	9999.000
44.42	-12.14	9999.000	9999.000
53.78	2.95	19.806	35.591
100.48	-23.82	20.885	35.371
91.09	0.68	26.974	35.380
46.54	-26.38	21.441	35.381
111.27	-57.03	1.966	33.938
115.30	-53.62	1.727	33.956
102.62	-10.19	19.917	34.612
82.12	-34.58	13.020	35.177
36.92	23.03	23.218	40.377
71.22	9.90	18.264	35.333
100.70	-27.34	14.836	35.552
117.74	-54.94	2.553	33.951
55.64	-50.55	2.728	33.755
71.86	-21.78	22.087	35.510
66.02	-39.12	14.032	35.393
85.60	-18.68	22.273	35.305
114.31	-15.55	21.929	34.837
66.22	3.15	17.964	35.397
63.95	14.46	22.245	36.158
110.60	-18.16	21.345	35.272
67.20	21.66	21.763	36.318
81.45	0.85	17.893	35.194
80.98	-42.04	11.698	35.040
23.08	-45.97	7.207	34.172
129.69	-52.46	4.695	34.049
96.11	0.07	20.846	35.069
78.80	-21.87	22.531	35.382
67.29	11.65	17.730	35.639
65.25	-15.86	22.530	35.197
67.28	-23.08	21.982	35.450
60.88	15.63	21.254	35.916
128.71	-61.58	-0.618	33.985
116.94	-46.24	9.767	34.726
79.47	2.07	9999.000	9999.000
117.97	-15.69	21.684	34.861
129.99	-59.91	0.566	33.938
131.50	-60.88	0.427	33.918
44.69	-31.16	18.365	35.583
24.45	-48.91	2.928	33.874
51.49	-22.57	23.364	35.309
131.65	-39.99	10.517	34.830
75.72	-23.82	21.394	35.653
139.17	-54.06	3.776	33.951
113.30	-17.90	21.391	35.155
80.33	-1.34	16.755	35.170
59.80	7.96	19.160	35.691
30.74	-50.17	4.155	33.834
64.94	18.22	20.976	36.055
66.24	10.23	18.957	35.735
59.86	12.02	24.598	36.107
67.55	11.59	18.613	35.597
88.91	-39.53	11.358	34.963
95.50	-16.55	22.029	35.138
36.76	-32.36	16.269	35.554
63.38	-14.34	21.687	35.260
112.75	-20.04	20.373	35.131
47.26	12.28	14.823	35.578
121.47	-55.22	2.022	33.914
120.87	-46.03	9.628	34.632
99.80	-36.20	13.846	35.419
79.47	-42.79	11.695	35.011
142.22	-50.15	8.781	34.504
126.10	-45.26	9.623	34.639
50.15	-36.42	15.378	35.492
72.38	-11.80	20.146	35.233
59.44	-30.39	17.175	35.591
76.94	-34.02	14.346	35.369
92.51	4.70	20.418	34.774
52.48	-11.26	18.726	35.276
82.35	-12.40	22.806	35.058
66.93	10.47	20.229	35.853
76.05	-9.53	20.677	35.119
95.82	-49.47	5.367	34.090
98.54	-54.41	0.533	34.039
83.87	11.83	20.996	34.863
83.51	-13.40	21.714	35.191
64.67	-38.27	14.237	35.350
103.25	-43.17	10.811	34.826
30.05	-51.31	1.867	33.927
143.54	-41.03	12.504	35.282
141.11	-46.33	9.082	34.558
136.90	-39.29	12.351	35.211
105.79	-7.71	18.246	34.593
92.43	-40.99	11.604	34.976
78.17	2.82	16.082	35.140
27.28	-43.09	12.362	35.044
126.88	-43.02	9.720	34.672
124.67	-41.18	10.686	34.825
96.31	-1.92	20.331	35.042
95.88	-61.47	1.285	34.525
92.02	0.84	25.899	35.232
104.45	-8.04	18.447	34.681
95.09	-35.31	12.671	35.154
96.34	-33.32	15.213	35.671
100.53	-56.30	0.688	34.033
60.49	-29.66	18.475	35.673
44.64	1.63	9999.000	9999.000
93.49	1.90	21.870	34.875
85.98	4.22	21.183	35.016
141.87	-62.75	1.460	34.423
49.61	-28.55	9999.000	9999.000
141.87	-62.75	9999.000	9999.000
134.18	-45.81	9.430	34.627
92.00	-16.48	22.030	36.019
70.15	-16.32	22.156	35.144
97.95	-35.09	14.609	35.591
105.53	-59.07	0.266	34.020
101.27	-5.04	22.510	35.038
79.58	-1.94	16.787	35.156
77.21	-5.21	16.192	34.911
77.69	-4.49	15.065	34.951
86.14	-3.30	19.684	35.285
86.80	-18.04	22.503	35.279
68.59	11.26	18.259	35.427
87.44	-11.61	22.256	34.830
94.03	-13.82	20.888	34.560
65.02	12.34	19.478	35.744
88.58	-17.13	22.449	35.032
137.60	-40.68	12.470	35.244
57.72	-3.93	15.886	35.188
20.49	-37.73	14.029	35.126
144.42	-12.50	23.641	35.503
53.52	-33.10	17.653	35.619
37.87	19.71	23.271	40.348
25.17	-36.10	18.086	35.652
84.88	-17.61	22.826	35.172
104.49	-35.54	11.734	35.044
43.46	-47.81	4.621	33.901
73.93	1.75	15.546	35.098
42.02	-21.78	17.644	35.362
98.37	-17.88	22.049	34.953
129.27	-35.85	13.292	35.333
91.48	-32.25	14.172	35.336
141.44	-40.23	12.035	35.191
60.12	-23.26	22.492	35.419
100.45	-31.06	15.011	35.465
70.35	-31.05	15.768	35.611
92.47	4.62	22.023	35.013
33.61	-26.49	16.268	35.328
73.18	7.09	20.522	35.352
59.85	21.14	18.564	35.955
69.84	-44.35	9.116	34.407
121.84	-42.38	9.786	34.656
44.58	-32.77	16.650	35.549
54.13	-14.94	23.585	35.068
37.91	19.92	23.053	40.416
113.87	-35.97	13.465	35.343
53.59	-40.24	15.842	35.543
20.34	-37.03	15.386	35.461
66.05	-50.27	2.096	33.830
70.93	-52.65	1.713	33.877
82.18	-43.57	10.166	34.662
60.19	15.08	21.627	36.149
65.44	19.33	21.603	36.229
141.31	-41.17	11.753	35.139
85.46	-58.87	-0.030	34.103
85.53	-53.76	1.326	34.078
113.37	-34.93	14.046	35.383
46.82	12.76	14.680	35.639
97.16	-55.55	2.437	34.008
29.42	-36.13	18.270	35.611
104.36	-49.80	3.562	33.962
88.23	13.03	18.709	35.792
91.15	12.10	20.156	34.823
44.57	-48.55	2.570	33.842
85.42	16.18	20.996	35.213
87.25	13.60	19.392	34.867
88.30	-19.39	21.066	35.618
71.24	9.08	18.096	35.422
48.85	-21.38	23.327	35.246
135.21	-50.17	7.632	34.325
76.33	-12.02	20.725	35.178
135.82	-41.44	11.216	35.000
101.52	-25.48	18.469	35.872
66.68	-16.48	22.501	35.470
110.70	-38.27	13.030	35.216
32.16	-47.28	4.118	33.821
66.19	11.45	22.579	36.157
122.86	-48.56	7.957	34.424
21.19	-49.04	2.596	33.857
94.92	-26.66	16.622	35.669
122.22	-36.36	11.742	34.947
70.92	-52.67	1.734	33.877
63.39	-1.43	18.153	35.270
63.68	8.62	17.222	35.504
48.75	-25.83	21.046	35.453
98.31	-21.00	21.693	35.179
33.49	-30.34	9999.000	9999.000
118.52	-13.77	22.615	34.766
53.32	-22.19	23.669	35.184
69.77	-20.58	21.154	35.597
59.39	-3.62	16.680	35.245
55.97	-7.56	14.030	35.075
118.59	-60.38	0.234	34.036
95.32	-30.08	17.066	35.811
92.87	-50.79	3.007	34.028
105.21	-38.31	12.793	35.252
117.72	-14.45	23.358	34.851
46.94	-51.04	1.777	33.933
39.84	18.82	22.883	40.382
57.72	-56.10	0.403	34.004
115.26	-16.12	22.306	34.904
82.38	0.91	20.629	35.182
101.94	-23.59	19.378	35.837
129.04	-38.74	10.849	34.862
84.08	16.21	16.874	34.910
104.01	-31.48	13.488	35.348
89.87	0.95	19.333	35.098
92.55	-11.04	19.369	34.556
106.74	-46.76	8.134	34.371
67.63	6.18	18.847	35.413
25.03	-51.36	0.871	34.011
122.71	-44.35	9.961	34.656
30.29	-53.52	2.165	33.882
22.16	-51.67	0.424	34.047
92.44	4.56	24.274	35.073
72.66	3.68	16.505	35.192
87.05	-45.94	6.786	34.013
75.53	-15.99	20.906	35.250
96.90	-37.90	11.422	34.957
74.69	-11.09	19.557	34.945
83.50	-33.47	13.369	35.228
114.28	-35.56	13.490	23.332
61.38	-13.69	22.839	35.233
138.90	-54.90	3.459	33.977
99.57	-9.08	17.914	34.610
73.29	-28.56	17.508	35.713
91.23	-24.13	20.351	35.442
120.17	-38.85	11.132	34.872
42.49	-45.51	4.574	33.842
41.51	-28.76	17.373	35.612
41.37	-38.83	16.477	35.530
143.83	-49.17	9.073	34.585
68.14	14.71	20.092	35.906
85.95	-3.38	19.535	35.271
54.62	-34.25	16.719	35.557
84.95	-0.01	17.658	35.217
97.83	-22.52	20.235	35.789
89.75	-42.18	10.858	33.002
99.68	-26.91	16.932	32.211
39.77	-26.42	19.709	35.544
79.88	-24.11	18.006	35.769
65.51	16.86	21.322	36.108
84.81	-46.75	4.526	33.749
83.13	-42.28	11.389	34.918
82.26	4.35	18.089	35.170
95.12	-54.31	1.950	33.974
35.63	-49.27	2.178	33.957
98.45	-54.61	0.769	34.042
53.91	-41.25	8.235	34.186
38.84	-44.99	4.842	33.863
96.90	-23.96	19.497	35.830
105.94	-7.09	19.567	34.729
80.62	-8.47	22.026	34.997
96.19	-17.04	22.174	35.058
132.07	-42.19	10.643	34.861
140.97	-46.22	9.159	34.576
45.80	2.30	9999.000	9999.000
88.68	18.25	18.113	34.874
78.34	-45.97	8.798	34.283
120.78	-47.25	9.623	34.636
143.50	-64.99	-1.241	34.372
120.86	-40.49	10.146	34.675
93.76	-28.53	17.233	35.823
83.51	-33.44	13.200	35.187
86.25	-56.00	1.334	34.144
43.10	-58.15	-0.837	33.957
63.66	8.11	17.532	35.433
84.58	1.14	18.111	35.173
87.03	-31.32	14.603	35.424
88.32	-19.88	21.416	35.599
40.30	-24.58	19.452	35.587
66.97	10.47	20.667	35.910
87.61	-40.88	11.731	35.013
86.39	-19.88	21.817	35.340
57.46	8.30	18.566	35.459
111.73	-34.04	14.845	35.543
44.53	-6.07	13.590	35.222
59.17	-6.27	13.742	35.092
88.40	-35.60	13.053	35.197
22.44	-49.33	2.371	33.880
65.24	-1.91	18.352	35.269
51.98	-9.94	19.020	35.210
92.40	4.51	21.031	35.014
39.89	-48.58	2.521	33.837
77.15	-17.24	21.144	34.875
92.66	-40.62	11.490	34.951
141.30	-39.17	11.648	35.049
126.29	-56.90	1.647	33.929
101.71	-9.05	20.159	34.514
107.07	-64.27	-1.868	34.345
86.02	-59.75	-0.205	34.330
85.08	-32.74	14.576	35.398
57.84	-13.27	21.516	35.208
25.15	-51.39	0.881	34.007
21.69	-47.99	4.989	33.871
81.87	-0.98	17.166	35.166
24.60	-48.27	3.267	33.831
111.64	-47.72	8.201	34.404
64.21	-66.35	-1.827	34.285
111.22	-17.94	20.774	35.326
52.19	-10.28	19.163	35.241
92.71	-15.25	22.102	34.976
90.23	-27.54	17.434	35.811
84.83	-0.79	21.757	35.315
43.06	-23.24	23.029	35.270
82.14	0.13	19.680	35.250
105.69	-34.70	13.043	35.290
94.81	-33.21	12.715	35.159
114.93	-43.65	10.090	34.740
96.43	-55.56	2.480	34.007
132.57	-43.50	10.340	34.800
64.30	-44.43	14.945	35.438
84.17	-4.03	17.795	35.066
68.68	10.21	18.014	35.569
47.14	11.82	15.869	35.674
110.06	-14.86	19.261	26.716
116.04	-14.72	22.823	34.534
112.54	-31.63	15.023	37.154
115.61	-47.80	8.589	34.559
143.15	-43.89	10.834	34.918
130.15	-35.54	13.420	35.330
129.42	-39.94	10.992	34.902
32.10	-32.95	18.495	29.286
30.97	-65.64	-1.799	34.331
47.08	-38.38	11.236	34.847
61.47	-39.24	13.806	35.374
139.93	-41.35	12.952	35.381
98.05	-52.50	3.165	33.952
67.28	12.90	19.867	35.890
34.26	-36.74	17.538	35.628
85.26	-53.55	0.892	34.086
85.52	-58.93	-0.136	34.076
94.73	-50.27	6.388	34.031
95.81	-49.19	4.990	34.001
104.19	-49.74	3.935	33.948
118.69	-14.51	22.621	34.687
122.17	-50.20	7.063	34.275
103.84	-17.69	20.033	34.578
61.27	9.56	21.096	35.738
135.09	-50.27	7.912	34.378
135.28	-39.65	11.214	34.960
36.94	-23.61	20.669	35.375
67.37	-53.18	1.839	33.859
116.19	-14.27	24.329	34.550
140.44	-61.62	-0.337	34.048
81.36	10.12	16.008	34.919
40.82	-15.68	20.993	35.289
83.57	-36.52	12.680	35.117
83.51	-33.44	13.118	35.174
97.41	-10.47	22.372	34.382
107.11	-35.45	12.391	35.073
83.56	-33.33	13.161	35.182
129.96	-57.75	1.620	33.894
108.88	-31.68	15.790	35.682
98.44	-7.34	17.281	34.566
37.92	19.91	22.939	40.434
34.45	-42.51	10.414	34.730
92.34	4.44	21.370	34.882
108.17	-12.10	16.422	34.670
75.68	-22.93	21.151	35.674
60.62	-17.05	23.388	35.184
46.77	12.76	14.957	35.701
83.10	-28.75	18.312	35.862
136.60	-62.44	1.179	34.314
137.76	-62.62	0.644	34.418
143.13	-61.38	-0.618	34.093
52.59	-2.07	15.492	35.223
109.75	-34.41	14.429	35.476
71.52	-41.49	13.569	35.333
61.49	0.69	18.468	35.291
88.55	-30.83	15.445	35.615
130.86	-36.79	13.334	35.310
95.79	-38.70	11.155	34.912
135.73	-41.98	11.071	34.964
138.50	-37.38	13.711	35.536
83.10	2.42	18.357	35.223
123.67	-56.56	1.913	33.922
67.18	21.67	22.278	36.363
67.60	10.64	19.059	35.794
90.36	1.94	22.382	34.945
87.25	-0.30	20.422	35.188
91.49	-35.70	12.184	35.031
72.75	0.45	19.119	35.294
70.07	-11.31	16.821	35.280
99.33	-8.28	17.376	34.525
79.16	-21.20	22.234	35.430
67.17	14.25	20.528	35.991
84.06	-9.67	22.108	34.534
97.70	-12.37	24.519	34.387
50.32	-37.54	14.378	35.384
85.69	-45.42	11.408	35.000
98.34	-30.51	16.448	35.784
28.83	-45.33	5.748	33.836
21.66	-47.56	4.687	33.820
77.04	-24.63	20.393	35.812
23.40	-40.89	11.908	34.973
38.29	-30.99	18.215	35.630
71.11	9.83	18.167	35.335
68.27	-54.45	1.790	33.877
36.99	23.02	23.431	40.354
98.26	-54.70	0.736	34.039
71.08	-9.08	18.160	35.160
70.96	-36.98	13.401	35.272
122.73	-38.02	10.997	28.488
85.57	-0.76	20.095	35.218
114.46	-44.14	10.200	34.818
103.23	-7.34	21.019	34.788
33.90	-39.24	14.278	35.307
87.01	-31.32	14.551	35.402
20.68	-35.98	11.009	34.941
49.55	-20.55	23.856	35.153
88.55	-30.83	15.370	35.589
65.00	16.05	9999.000	9999.000
117.01	-55.41	2.017	33.947
116.02	-12.54	21.479	34.486
72.01	-24.05	22.154	35.478
93.83	-63.93	-0.574	34.442
109.75	-34.41	14.241	35.452
55.01	-42.64	9.627	34.545
58.23	-37.81	14.551	35.444
65.55	-60.25	-1.258	33.976
87.97	-41.85	11.472	24.439
23.03	-45.55	8.783	34.359
66.26	11.20	20.733	35.966
69.56	17.46	20.223	0.000
83.65	-12.14	21.892	35.040
73.72	-6.62	19.658	35.238
50.68	-2.67	16.779	35.209
39.98	-51.23	1.267	33.970
33.80	-40.20	12.099	35.015
83.98	-53.25	-0.412	0.029
85.35	3.33	19.076	34.836
107.45	-14.76	23.371	34.775
97.35	-28.57	16.384	35.748
47.20	12.31	14.985	35.630
57.06	-34.05	14.862	35.510
42.33	-26.58	18.254	35.595
140.81	-46.15	9.209	34.564
99.09	-25.49	19.268	35.845
50.39	0.92	16.133	35.244
54.35	7.96	25.413	35.970
67.75	-7.10	17.864	35.148
67.38	-11.94	18.380	35.070
74.14	-36.41	13.922	35.351
108.70	-24.57	19.872	35.730
119.79	-40.90	10.578	34.761
83.58	-33.29	13.275	35.190
116.50	-41.62	10.079	34.710
64.77	21.09	9999.000	9999.000
77.21	-31.23	15.829	35.598
70.61	16.22	9999.000	9999.000
67.89	17.31	9999.000	9999.000
67.38	16.98	9999.000	9999.000
90.74	0.42	28.224	35.510
109.25	-31.26	16.111	35.672
69.76	18.59	9999.000	9999.000
56.12	11.15	17.197	35.916
68.32	16.04	19.306	38.492
89.19	-37.27	11.727	34.997
72.19	14.26	9999.000	9999.000
132.38	-58.21	1.121	33.905
74.27	-42.17	12.545	35.151
107.85	-23.51	21.296	35.340
130.39	-36.34	13.735	35.402
91.06	-40.81	11.434	34.980
75.65	-27.83	17.557	35.869
88.40	-30.85	15.618	35.649
96.84	-53.26	2.732	33.988
110.44	-40.41	12.758	35.248
99.55	-36.81	14.446	35.619
64.74	14.15	21.540	35.707
102.45	-37.43	12.223	35.171
35.42	-50.58	1.480	33.927
23.54	-41.38	10.252	34.575
85.52	-18.94	22.186	35.343
73.39	-20.78	21.385	35.583
109.46	-42.57	10.290	34.771
81.66	0.91	20.154	35.220
133.83	-39.13	11.672	35.102
33.88	-36.70	17.237	35.631
60.79	15.54	20.803	35.930
119.03	-62.83	0.869	34.589
33.04	-46.32	5.442	33.921
67.23	10.01	19.594	35.590
100.81	-29.98	16.638	35.799
105.92	-12.30	23.382	34.509
42.71	-20.77	18.724	35.386
95.11	-64.53	-1.829	34.321
78.11	-62.75	0.581	34.451
100.36	-40.11	11.992	35.132
99.01	-17.62	23.101	34.893
48.01	-35.30	16.284	35.557
43.89	-41.59	12.740	35.067
41.36	-34.90	16.096	35.538
60.35	0.34	17.730	35.261
51.97	-24.06	24.066	35.158
70.90	16.73	21.435	35.977
144.57	-45.64	11.414	35.042
111.92	-46.99	9.921	34.920
105.78	-20.54	20.142	35.690
116.13	-54.48	2.916	33.948
63.12	12.05	20.530	35.789
86.97	-31.33	14.410	35.358
83.89	-31.68	13.896	31.007
130.58	-34.97	13.584	35.324
101.21	-14.34	21.441	34.469
36.89	-25.84	19.169	35.566
70.90	-52.67	2.107	33.877
92.10	0.84	25.917	35.217
65.40	19.27	21.378	36.165
86.07	-58.92	0.103	33.985
66.78	11.99	19.373	35.666
42.81	-30.29	16.421	31.542
84.79	-53.33	1.902	34.035
33.43	-42.74	10.355	34.715
68.51	-37.21	13.803	35.342
37.88	19.71	23.446	40.331
125.84	-43.21	9.931	34.700
88.67	-11.09	24.465	34.243
104.17	-49.48	3.773	33.955
95.87	-55.46	2.478	34.006
83.77	12.18	21.855	34.903
106.33	-43.73	10.136	34.770
74.20	-9.93	21.496	35.209
54.82	-28.45	17.445	35.617
96.05	-20.57	21.569	35.279
135.09	-50.43	7.811	34.363
101.36	-38.75	11.572	34.991
77.89	-29.04	17.687	35.800
91.32	-51.09	2.790	33.985
59.85	20.69	20.072	36.099
56.94	4.24	16.084	35.349
55.70	1.10	2.464	8.799
84.77	5.08	22.900	35.203
88.65	15.62	21.855	34.706
89.04	-28.61	16.738	33.102
86.74	-52.59	1.633	33.967
67.50	14.05	21.349	36.109
80.28	4.83	18.959	35.133
74.50	5.72	18.508	35.076
103.92	-31.13	14.879	35.589
61.19	16.89	22.144	36.062
39.78	-52.07	1.112	33.972
130.48	-61.76	-0.410	34.118
111.76	-11.69	19.048	34.651
113.04	-36.41	13.712	35.362
31.49	-35.88	17.449	35.575
88.30	-30.85	15.573	35.618
91.97	-16.56	22.170	36.120
69.83	-1.95	17.266	35.221
60.69	2.28	18.763	35.330
59.70	-28.48	19.116	35.583
80.16	-1.96	17.439	35.190
77.29	-5.52	17.070	34.958
66.73	17.80	21.297	36.151
77.39	-4.57	15.247	34.942
123.29	-61.74	-0.010	34.192
66.36	-13.73	21.736	35.240
67.81	-14.68	21.703	35.155
111.27	-39.62	11.253	34.924
72.89	-17.35	21.728	35.342
106.41	-53.08	1.499	34.003
68.48	11.23	16.729	35.316
115.87	-12.40	21.241	34.504
65.13	12.47	21.887	36.113
100.70	-26.75	15.787	35.690
47.60	-24.20	19.583	35.408
90.20	-56.93	-0.195	34.024
94.43	-28.50	16.250	35.608
83.76	3.70	17.666	34.980
54.15	11.11	16.182	35.474
78.18	4.47	8.586	22.146
65.43	17.84	20.576	36.006
71.75	-52.08	2.162	33.903
108.59	-31.33	15.109	35.598
69.15	-57.79	-0.472	33.943
103.49	-21.76	21.055	35.414
64.59	-9.58	16.007	35.107
93.08	-6.55	17.732	34.674
49.83	-19.08	23.872	35.104
39.82	18.85	22.759	40.400
63.72	-6.34	15.704	35.192
91.15	-28.98	15.459	28.690
56.85	-54.25	1.659	33.883
86.93	-31.33	14.272	35.351
129.88	-49.70	8.920	34.594
81.42	-61.39	1.873	34.570
130.13	-48.56	9.415	34.665
89.42	-19.13	21.592	35.239
106.05	-11.92	21.499	34.444
47.32	-51.22	1.586	33.947
131.21	-47.56	9.034	34.607
79.63	-13.00	18.852	35.325
98.23	-54.74	0.727	34.042
95.23	-49.10	4.834	33.982
76.74	-22.09	20.797	35.661
85.47	16.32	21.690	35.268
88.13	13.13	19.126	35.808
110.24	-42.76	10.182	34.728
91.12	11.88	20.125	34.808
87.33	13.70	19.722	34.813
86.64	-4.60	19.990	35.253
69.09	-10.42	17.586	35.346
70.11	-16.71	21.028	35.088
121.59	-43.78	10.011	34.880
82.86	-13.15	20.368	35.151
31.66	-48.39	6.355	33.939
79.19	-0.17	20.305	35.337
37.85	-30.40	18.034	35.623
139.91	-44.62	9.393	34.598
81.46	-6.83	17.379	29.171
140.62	-46.08	9.188	34.562
136.44	-49.58	7.689	34.360
119.45	-36.75	12.971	35.202
117.08	-14.90	22.566	34.751
78.41	2.02	18.102	35.238
80.40	-40.29	12.104	35.086
74.00	-31.39	15.343	35.510
121.73	-53.67	4.597	34.153
