115.30	-15.14	26.904	34.263
105.99	-8.00	28.349	33.926
126.82	-47.78	9.600	34.667
37.86	19.72	27.342	39.567
93.35	-31.21	16.088	35.386
94.84	-51.36	3.556	33.943
92.30	-34.77	16.692	35.580
41.34	-32.91	20.096	35.628
135.81	-49.81	8.137	34.319
76.99	-33.98	16.636	35.646
95.64	-40.19	12.320	34.955
95.61	-42.86	12.193	34.952
62.15	-6.10	24.480	35.287
50.50	-57.62	0.308	33.950
59.81	12.48	27.075	36.009
139.48	-38.70	13.681	35.326
42.29	-19.40	26.362	35.177
71.54	-14.11	25.397	34.996
54.16	-31.04	20.180	35.644
68.76	-51.76	2.467	33.850
95.45	-29.52	19.249	35.900
68.25	-10.63	25.934	34.885
84.26	-37.25	14.096	35.256
33.02	-30.12	25.419	35.266
101.90	-23.93	20.700	35.660
82.05	0.82	28.556	35.533
59.99	21.67	22.119	36.337
83.91	15.87	25.091	34.090
84.14	-7.93	27.583	34.297
67.81	6.31	28.133	36.018
86.48	-3.72	9999.000	9999.000
37.91	19.92	28.887	39.594
48.21	-30.21	22.794	35.390
36.67	-39.65	18.977	35.534
69.55	13.40	26.967	36.631
84.71	-17.69	26.027	34.913
62.32	-6.28	24.559	35.268
89.23	-19.22	24.170	35.056
43.41	-52.80	1.701	33.993
55.59	16.72	19.331	35.496
102.66	-31.62	16.877	35.764
143.67	-48.73	9.483	34.520
46.89	12.80	20.934	35.825
136.83	-42.41	12.760	35.060
98.35	-45.75	6.738	34.090
99.03	-54.00	1.865	34.012
84.71	14.42	0.996	3.517
111.81	-46.87	9.875	34.739
108.29	-45.31	10.035	34.777
82.22	-15.39	27.422	34.780
122.33	-48.92	7.703	34.345
83.20	-0.35	0.996	3.520
122.50	-63.72	-0.731	34.162
50.19	-19.93	25.459	35.139
36.88	23.05	27.457	39.920
45.07	-31.89	19.911	35.653
71.03	-52.70	1.954	33.866
87.01	-51.97	2.915	33.923
78.15	-20.95	24.640	35.169
100.15	-52.51	2.879	33.960
78.62	-45.68	8.614	34.004
65.49	19.44	26.535	36.559
86.26	-54.27	1.351	34.061
77.12	-20.46	25.158	35.133
86.59	-58.97	0.325	33.864
99.04	-18.54	24.328	34.611
71.34	9.94	28.094	36.336
56.48	-20.19	24.752	35.289
117.14	-40.89	12.290	34.972
106.32	-15.29	24.294	34.428
97.34	-55.87	2.466	34.005
104.46	-49.39	4.062	33.958
95.76	-49.70	4.819	34.027
135.29	-39.82	12.669	35.118
89.94	-27.35	20.864	35.727
135.62	-50.24	8.341	34.336
109.73	-42.11	10.922	34.765
110.69	-52.19	2.948	33.942
111.38	-12.37	27.475	34.384
95.39	-19.36	24.447	34.724
88.80	18.23	28.594	32.899
144.19	-47.75	10.285	34.628
58.07	12.05	26.310	37.129
68.37	12.93	26.857	36.633
41.12	-5.08	27.169	35.331
74.62	6.01	29.378	35.823
55.02	3.37	24.291	35.420
72.05	0.04	27.811	35.490
124.18	-55.62	3.126	33.917
114.20	-57.02	2.747	33.941
114.76	-37.70	14.969	35.437
54.60	12.61	24.388	35.849
71.05	-3.94	25.924	35.294
69.25	-28.61	19.639	35.812
92.11	-33.01	18.219	35.988
58.16	18.02	24.909	36.000
124.20	-52.68	5.298	34.062
58.09	2.12	25.730	35.310
85.73	4.34	28.651	34.931
56.50	-20.87	24.362	35.173
64.61	3.20	25.936	35.489
109.64	-34.18	16.373	35.677
52.30	-38.48	16.575	35.606
54.35	-9.28	25.666	29.175
111.80	-31.69	19.214	35.782
59.35	-25.20	23.248	35.322
72.28	-21.65	24.399	35.228
76.75	-26.17	23.428	35.541
138.23	-57.57	2.319	33.879
132.93	-48.93	9.469	34.596
45.19	-34.52	18.073	35.603
98.35	-12.62	26.885	34.331
86.17	-37.34	13.161	35.153
93.21	-16.04	25.022	34.632
41.08	-44.89	6.148	33.826
47.44	0.34	25.153	35.248
49.91	-6.14	26.391	35.307
43.32	-10.57	1.066	3.503
76.98	1.20	27.429	36.934
98.62	-1.72	28.404	34.311
82.04	-0.73	28.229	35.495
66.55	17.93	26.821	36.618
45.35	-44.60	6.162	33.747
100.51	-45.44	10.618	34.827
83.49	-17.48	24.967	35.210
52.78	-12.39	26.390	35.002
92.04	0.97	28.646	35.286
69.83	-36.19	15.899	35.261
20.55	-52.73	0.282	34.086
29.97	-31.70	23.677	35.373
113.83	-30.61	19.067	35.764
83.53	-54.73	0.444	34.095
107.05	-44.62	10.062	34.758
69.06	18.41	26.576	36.438
112.52	-11.16	27.846	23.301
63.86	18.78	26.978	36.442
64.67	14.05	26.349	36.280
75.92	-10.88	28.565	34.747
78.31	-50.72	2.423	33.923
109.64	-34.18	16.093	35.638
53.44	-29.24	20.114	35.674
55.63	10.11	9999.000	9999.000
92.50	-9.58	27.042	34.355
71.97	-9.18	25.560	35.242
82.58	-4.62	0.936	3.502
112.78	-22.55	22.635	35.207
48.59	-47.77	4.488	33.769
82.09	9.98	22.468	34.735
98.39	-54.24	0.994	34.034
75.87	-6.74	27.997	28.255
106.86	-41.06	11.640	34.850
140.11	-53.43	3.346	33.839
69.01	-28.68	20.578	35.715
59.95	-49.33	4.616	33.652
142.03	-47.91	10.073	34.607
141.16	-46.44	10.256	34.563
91.34	-8.22	28.504	34.308
61.07	-37.63	15.629	35.458
71.95	-19.36	24.483	32.716
71.77	-26.54	23.160	35.601
56.22	11.75	27.800	36.412
88.14	11.08	26.423	34.581
90.51	8.57	28.886	33.994
62.36	11.92	26.731	36.417
51.89	-26.89	21.492	35.485
58.70	-13.72	26.859	35.038
66.82	15.74	26.083	36.375
137.06	-42.32	13.104	35.050
51.90	-25.41	25.555	35.111
79.82	-0.55	27.888	33.735
92.74	-0.22	28.478	35.395
62.89	12.48	26.639	36.277
51.64	2.32	20.828	35.284
137.29	-58.20	2.368	33.850
55.28	-36.66	16.917	35.576
140.67	-49.85	9.317	34.516
46.61	-27.70	24.523	35.114
37.90	-21.71	25.616	35.377
103.63	-27.59	18.515	35.844
55.06	-13.17	26.788	34.955
125.62	-36.25	16.210	35.599
70.51	-44.65	10.903	34.482
42.19	-31.21	18.514	35.644
64.44	-13.00	27.272	35.004
28.72	-49.90	3.144	33.899
113.02	-22.54	22.411	35.222
44.73	-44.22	6.219	33.749
67.07	14.53	26.342	36.401
143.44	-41.72	13.624	35.243
68.28	13.19	26.322	36.460
64.31	11.26	27.342	36.780
86.96	-0.37	29.085	35.637
90.30	1.89	28.815	35.446
73.01	-0.18	28.553	35.461
47.02	11.81	23.173	35.756
140.84	-53.95	3.747	33.824
49.61	-2.90	22.259	35.233
84.52	-26.84	19.215	32.051
53.40	16.54	26.625	35.693
41.84	-47.41	3.996	33.788
63.68	11.26	27.125	36.880
125.56	-35.21	16.594	35.592
97.89	-41.76	11.121	34.885
95.77	-40.78	11.645	34.945
126.05	-45.04	10.308	34.652
64.94	18.11	25.589	38.565
70.96	-52.65	2.012	33.860
101.60	-18.56	22.814	35.168
108.11	-36.73	14.204	35.232
67.76	8.58	28.463	36.591
61.77	3.52	25.244	35.532
85.65	-53.92	1.482	34.064
85.84	-58.87	0.094	33.944
58.27	11.78	26.475	36.176
48.40	-24.29	25.163	35.094
25.80	-47.47	5.887	33.803
134.21	-47.60	9.679	34.577
66.28	12.71	26.516	36.482
89.10	-5.43	28.123	35.152
116.59	-52.80	2.381	33.958
104.51	-49.68	4.043	33.940
97.17	-10.78	26.961	34.473
120.73	-43.31	10.704	34.767
65.54	-29.26	20.786	35.720
98.02	-57.46	0.000	33.992
35.81	-46.62	7.403	34.078
109.75	-23.85	21.310	35.382
111.23	-30.47	19.868	35.681
55.46	-29.09	22.304	0.086
90.39	-49.61	5.918	33.908
98.47	-2.45	28.665	34.407
30.35	-43.14	8.807	34.171
113.65	-55.26	3.050	33.961
30.60	-48.99	6.109	33.794
86.42	-44.13	10.241	34.575
27.64	-35.50	19.363	35.667
62.24	-37.14	15.181	35.765
132.25	-37.46	14.586	35.332
126.03	-34.08	16.333	35.557
78.51	1.13	27.926	35.548
81.10	-24.47	22.165	35.573
52.93	-46.38	4.608	33.711
97.62	-55.61	2.477	34.004
83.17	0.95	28.342	35.749
70.52	-26.21	22.368	35.598
59.60	-4.45	22.781	35.231
67.00	11.87	26.992	36.660
63.72	3.98	27.399	36.150
39.85	18.79	29.993	38.954
65.92	-10.22	25.737	35.101
135.44	-50.18	8.110	34.314
109.25	-21.05	22.224	35.175
56.60	1.92	25.677	35.377
72.07	-23.87	23.900	35.270
104.53	-14.30	25.984	34.456
106.60	-8.85	24.598	34.505
44.42	-12.14	9999.000	9999.000
53.78	2.95	22.992	35.342
100.48	-23.82	22.899	34.841
91.09	0.68	28.879	35.327
46.54	-26.38	25.725	35.156
111.27	-57.03	2.278	33.945
115.30	-53.62	2.605	33.922
102.62	-10.19	28.041	34.056
82.12	-34.58	14.109	35.229
36.92	23.03	27.806	39.851
71.22	9.90	29.382	36.528
100.70	-27.34	17.844	35.860
117.74	-54.94	3.125	33.954
55.64	-50.55	3.269	33.729
71.86	-21.78	24.408	35.298
66.02	-39.12	14.868	35.343
85.60	-18.68	25.228	35.141
114.31	-15.55	24.799	34.538
66.22	3.15	27.678	36.276
63.95	14.46	25.268	35.720
110.60	-18.16	23.416	34.909
67.20	21.66	27.244	36.956
81.45	0.85	27.969	35.577
80.98	-42.04	12.527	34.995
23.08	-45.97	7.298	33.894
129.69	-52.46	5.314	34.030
96.11	0.07	28.434	35.124
78.80	-21.87	25.227	35.179
67.29	11.65	28.088	36.797
65.25	-15.86	26.665	34.990
67.28	-23.08	24.626	35.286
60.88	15.63	25.270	36.015
128.71	-61.58	0.139	33.911
116.94	-46.24	9.916	34.728
79.47	2.07	9999.000	9999.000
117.97	-15.69	25.853	34.664
129.99	-59.91	0.916	33.926
131.50	-60.88	0.953	33.897
44.69	-31.16	21.492	35.554
24.45	-48.91	3.895	33.820
51.49	-22.57	25.219	35.197
131.65	-39.99	12.668	34.864
75.72	-23.82	23.477	35.533
139.17	-54.06	4.851	33.934
113.30	-17.90	24.941	34.796
80.33	-1.34	26.783	35.496
59.80	7.96	27.757	36.478
30.74	-50.17	5.338	33.787
64.94	18.22	25.868	36.224
66.24	10.23	27.891	36.791
59.86	12.02	26.402	35.950
67.55	11.59	27.362	36.684
88.91	-39.53	13.110	35.004
95.50	-16.55	25.329	34.535
36.76	-32.36	17.442	35.602
63.38	-14.34	26.653	35.001
112.75	-20.04	23.368	35.052
47.26	12.28	27.234	36.421
121.47	-55.22	2.578	33.892
120.87	-46.03	9.679	34.629
99.80	-36.20	16.062	35.659
79.47	-42.79	12.445	35.021
142.22	-50.15	9.385	34.453
126.10	-45.26	10.161	34.639
50.15	-36.42	17.309	35.554
72.38	-11.80	27.401	34.995
59.44	-30.39	20.608	35.578
76.94	-34.02	15.714	35.533
92.51	4.70	29.089	35.181
52.48	-11.26	26.863	35.208
82.35	-12.40	28.068	34.474
66.93	10.47	27.402	36.561
76.05	-9.53	28.434	35.013
95.82	-49.47	4.808	33.972
98.54	-54.41	1.172	34.033
83.87	11.83	28.206	35.012
83.51	-13.40	28.016	34.778
64.67	-38.27	15.199	35.446
103.25	-43.17	11.125	34.856
30.05	-51.31	3.270	33.875
143.54	-41.03	13.928	35.275
141.11	-46.33	10.296	34.566
136.90	-39.29	13.823	35.185
105.79	-7.71	28.044	34.167
92.43	-40.99	11.842	34.934
78.17	2.82	25.036	34.906
27.28	-43.09	14.459	35.240
126.88	-43.02	10.740	34.674
124.67	-41.18	11.917	34.859
96.31	-1.92	28.447	34.736
95.88	-61.47	-1.434	34.151
92.02	0.84	28.649	35.356
104.45	-8.04	27.995	34.030
95.09	-35.31	14.823	35.208
96.34	-33.32	16.694	35.795
100.53	-56.30	1.061	34.025
60.49	-29.66	23.007	35.514
44.64	1.63	9999.000	9999.000
93.49	1.90	28.553	34.891
85.98	4.22	28.989	34.753
141.87	-62.75	-0.333	33.923
49.61	-28.55	9999.000	9999.000
141.87	-62.75	9999.000	9999.000
134.18	-45.81	10.403	34.594
92.00	-16.48	25.506	35.600
70.15	-16.32	27.071	34.989
97.95	-35.09	16.018	35.662
105.53	-59.07	0.367	34.020
101.27	-5.04	28.973	34.241
79.58	-1.94	26.083	35.403
77.21	-5.21	28.181	34.833
77.69	-4.49	26.812	35.298
86.14	-3.30	26.656	35.445
86.80	-18.04	25.498	35.030
68.59	11.26	27.489	36.657
87.44	-11.61	27.399	34.652
94.03	-13.82	26.714	34.326
65.02	12.34	26.588	36.539
88.58	-17.13	26.254	34.695
137.60	-40.68	13.694	35.259
57.72	-3.93	22.441	35.263
20.49	-37.73	19.818	35.355
144.42	-12.50	26.165	35.145
53.52	-33.10	19.385	35.650
37.87	19.71	28.613	39.580
25.17	-36.10	19.644	35.629
84.88	-17.61	26.298	34.844
104.49	-35.54	14.180	35.273
43.46	-47.81	5.644	33.800
73.93	1.75	25.322	35.221
42.02	-21.78	23.554	35.244
98.37	-17.88	24.404	34.642
129.27	-35.85	15.001	35.358
91.48	-32.25	16.086	35.571
141.44	-40.23	14.089	35.349
60.12	-23.26	24.825	35.251
100.45	-31.06	17.798	35.858
70.35	-31.05	17.868	35.708
92.47	4.62	28.798	35.323
33.61	-26.49	24.460	35.402
73.18	7.09	28.930	34.002
59.85	21.14	23.207	36.310
69.84	-44.35	7.736	33.811
121.84	-42.38	10.575	34.661
44.58	-32.77	18.490	35.598
54.13	-14.94	26.585	35.015
37.91	19.92	28.508	39.618
113.87	-35.97	14.550	35.436
53.59	-40.24	16.407	35.578
20.34	-37.03	18.569	35.569
66.05	-50.27	3.196	33.783
70.93	-52.65	2.255	33.865
82.18	-43.57	10.203	34.415
60.19	15.08	24.963	35.753
65.44	19.33	26.342	36.431
141.31	-41.17	12.258	35.040
85.46	-58.87	-0.410	33.877
85.53	-53.76	2.031	34.041
113.37	-34.93	16.757	35.711
46.82	12.76	27.184	36.489
97.16	-55.55	2.446	34.007
29.42	-36.13	19.609	35.501
104.36	-49.80	4.183	33.931
88.23	13.03	26.264	35.182
91.15	12.10	29.335	34.131
44.57	-48.55	4.596	33.754
85.42	16.18	27.707	33.393
87.25	13.60	27.975	34.023
88.30	-19.39	23.370	35.220
71.24	9.08	29.354	36.291
48.85	-21.38	24.836	35.061
135.21	-50.17	8.227	34.309
76.33	-12.02	28.637	34.889
135.82	-41.44	12.793	34.911
101.52	-25.48	21.054	35.578
66.68	-16.48	26.591	35.343
110.70	-38.27	15.063	35.459
32.16	-47.28	6.140	33.788
66.19	11.45	26.419	36.336
122.86	-48.56	8.013	34.419
21.19	-49.04	3.555	33.819
94.92	-26.66	19.840	35.887
122.22	-36.36	14.007	35.189
70.92	-52.67	2.312	33.866
63.39	-1.43	26.527	35.330
63.68	8.62	27.416	36.687
48.75	-25.83	24.140	35.339
98.31	-21.00	23.946	34.714
33.49	-30.34	9999.000	9999.000
118.52	-13.77	26.959	34.413
53.32	-22.19	25.079	35.109
69.77	-20.58	23.166	35.461
59.39	-3.62	21.401	35.336
55.97	-7.56	22.443	35.186
118.59	-60.38	1.064	33.976
95.32	-30.08	19.393	35.959
92.87	-50.79	3.238	33.962
105.21	-38.31	13.240	35.026
117.72	-14.45	27.333	34.291
46.94	-51.04	2.901	33.874
39.84	18.82	29.791	38.955
57.72	-56.10	1.025	33.926
115.26	-16.12	26.478	34.706
82.38	0.91	28.105	35.506
101.94	-23.59	21.619	35.408
129.04	-38.74	12.899	34.893
84.08	16.21	25.229	34.303
104.01	-31.48	16.024	35.581
89.87	0.95	29.069	35.492
92.55	-11.04	27.036	34.327
106.74	-46.76	8.172	34.366
67.63	6.18	28.629	36.093
25.03	-51.36	1.554	33.964
122.71	-44.35	10.469	34.702
30.29	-53.52	2.361	33.852
22.16	-51.67	0.856	34.011
92.44	4.56	28.737	35.414
72.66	3.68	28.843	34.926
87.05	-45.94	7.082	33.961
75.53	-15.99	26.469	35.041
96.90	-37.90	13.179	34.962
74.69	-11.09	29.123	34.766
83.50	-33.47	15.979	35.410
114.28	-35.56	14.729	23.285
61.38	-13.69	26.547	34.988
138.90	-54.90	3.729	33.944
99.57	-9.08	25.655	34.387
73.29	-28.56	20.440	35.811
91.23	-24.13	23.656	35.045
120.17	-38.85	12.581	34.889
42.49	-45.51	6.087	33.754
41.51	-28.76	20.276	35.608
41.37	-38.83	18.152	35.593
143.83	-49.17	9.665	34.565
68.14	14.71	25.784	36.340
85.95	-3.38	26.581	35.439
54.62	-34.25	19.083	35.632
84.95	-0.01	28.981	35.735
97.83	-22.52	22.512	35.400
89.75	-42.18	9.169	32.995
99.68	-26.91	19.500	32.420
39.77	-26.42	22.592	35.425
79.88	-24.11	20.883	35.772
65.51	16.86	25.921	36.367
84.81	-46.75	5.599	33.728
83.13	-42.28	11.354	34.903
82.26	4.35	28.763	35.761
95.12	-54.31	2.181	33.970
35.63	-49.27	3.648	33.880
98.45	-54.61	1.255	34.033
53.91	-41.25	11.472	34.304
38.84	-44.99	6.276	33.877
96.90	-23.96	21.045	35.505
105.94	-7.09	28.124	34.361
80.62	-8.47	27.991	34.498
96.19	-17.04	24.224	34.706
132.07	-42.19	12.122	34.794
140.97	-46.22	10.309	34.565
45.80	2.30	9999.000	9999.000
88.68	18.25	28.223	33.627
78.34	-45.97	7.598	33.820
120.78	-47.25	9.719	34.626
143.50	-64.99	-1.774	34.084
120.86	-40.49	11.198	34.708
93.76	-28.53	19.497	35.896
83.51	-33.44	14.952	35.312
86.25	-56.00	1.648	34.026
43.10	-58.15	-0.471	33.813
63.66	8.11	28.052	36.508
84.58	1.14	27.915	35.709
87.03	-31.32	17.015	35.545
88.32	-19.88	23.749	35.185
40.30	-24.58	22.897	35.445
66.97	10.47	27.723	36.550
87.61	-40.88	12.352	34.980
86.39	-19.88	24.096	35.069
57.46	8.30	25.366	35.970
111.73	-34.04	17.417	35.779
44.53	-6.07	24.731	35.369
59.17	-6.27	20.846	35.254
88.40	-35.60	15.108	35.505
22.44	-49.33	3.888	33.833
65.24	-1.91	25.011	35.417
51.98	-9.94	26.041	34.863
92.40	4.51	29.166	35.166
39.89	-48.58	5.021	33.752
77.15	-17.24	27.290	34.925
92.66	-40.62	12.664	34.989
141.30	-39.17	13.437	35.139
126.29	-56.90	2.513	33.894
101.71	-9.05	28.244	34.119
107.07	-64.27	-1.865	34.333
86.02	-59.75	-0.523	34.052
85.08	-32.74	16.339	35.464
57.84	-13.27	26.021	34.923
25.15	-51.39	1.391	33.967
21.69	-47.99	5.289	33.761
81.87	-0.98	27.794	35.511
24.60	-48.27	4.273	33.812
111.64	-47.72	8.129	34.368
64.21	-66.35	-1.832	34.040
111.22	-17.94	23.130	34.946
52.19	-10.28	26.719	34.953
92.71	-15.25	25.751	34.579
90.23	-27.54	19.999	35.920
84.83	-0.79	27.973	35.561
43.06	-23.24	26.362	35.255
82.14	0.13	28.515	35.571
105.69	-34.70	14.527	35.353
94.81	-33.21	14.105	35.197
114.93	-43.65	10.522	34.743
96.43	-55.56	2.509	34.005
132.57	-43.50	11.273	34.692
64.30	-44.43	15.237	35.483
84.17	-4.03	25.339	35.407
68.68	10.21	26.212	36.441
47.14	11.82	24.325	35.988
110.06	-14.86	25.968	26.233
116.04	-14.72	27.679	34.295
112.54	-31.63	17.109	37.355
115.61	-47.80	8.318	34.474
143.15	-43.89	10.943	34.885
130.15	-35.54	15.714	35.430
129.42	-39.94	12.561	34.896
32.10	-32.95	21.206	29.221
30.97	-65.64	-1.823	34.309
47.08	-38.38	12.713	35.013
61.47	-39.24	15.030	35.392
139.93	-41.35	13.351	35.359
98.05	-52.50	3.169	33.953
67.28	12.90	26.335	36.480
34.26	-36.74	18.519	35.594
85.26	-53.55	2.534	34.035
85.52	-58.93	0.080	33.851
94.73	-50.27	6.372	34.022
95.81	-49.19	4.991	34.001
104.19	-49.74	4.178	33.935
118.69	-14.51	26.229	34.219
122.17	-50.20	7.347	34.295
103.84	-17.69	24.333	34.665
61.27	9.56	26.641	36.166
135.09	-50.27	8.382	34.312
135.28	-39.65	12.969	35.008
36.94	-23.61	23.414	35.329
67.37	-53.18	2.533	33.835
116.19	-14.27	27.715	34.221
140.44	-61.62	0.189	33.924
81.36	10.12	23.686	34.604
40.82	-15.68	25.786	35.136
83.57	-36.52	14.712	35.238
83.51	-33.44	15.258	35.367
97.41	-10.47	26.953	34.328
107.11	-35.45	13.781	35.073
83.56	-33.33	15.398	35.328
129.96	-57.75	2.550	33.870
108.88	-31.68	18.086	35.830
98.44	-7.34	27.363	34.367
37.92	19.91	27.538	39.426
34.45	-42.51	10.619	34.601
92.34	4.44	28.883	35.301
108.17	-12.10	23.873	34.444
75.68	-22.93	23.430	35.434
60.62	-17.05	25.714	34.915
46.77	12.76	27.149	36.464
83.10	-28.75	21.078	35.820
136.60	-62.44	-0.037	33.895
137.76	-62.62	-0.267	33.966
143.13	-61.38	0.040	33.920
52.59	-2.07	22.083	35.259
109.75	-34.41	17.406	35.820
71.52	-41.49	13.517	35.176
61.49	0.69	25.962	35.385
88.55	-30.83	16.934	35.690
130.86	-36.79	14.725	35.360
95.79	-38.70	12.682	34.965
135.73	-41.98	12.386	34.885
138.50	-37.38	15.175	35.455
83.10	2.42	27.119	35.784
123.67	-56.56	2.771	33.904
67.18	21.67	27.395	37.002
67.60	10.64	26.817	36.603
90.36	1.94	29.046	35.339
87.25	-0.30	28.803	35.479
91.49	-35.70	13.786	35.042
72.75	0.45	28.590	35.483
70.07	-11.31	26.164	34.997
99.33	-8.28	26.197	34.375
79.16	-21.20	25.169	35.180
67.17	14.25	26.022	36.323
84.06	-9.67	27.103	34.231
97.70	-12.37	26.960	34.284
50.32	-37.54	15.995	35.442
85.69	-45.42	10.790	34.759
98.34	-30.51	18.646	35.933
28.83	-45.33	7.955	33.896
21.66	-47.56	5.731	33.760
77.04	-24.63	22.095	35.619
23.40	-40.89	16.234	35.407
38.29	-30.99	20.844	35.586
71.11	9.83	29.575	36.370
68.27	-54.45	2.198	33.864
36.99	23.02	27.582	39.796
98.26	-54.70	1.331	34.031
71.08	-9.08	26.939	35.104
70.96	-36.98	14.524	35.369
122.73	-38.02	12.777	28.519
85.57	-0.76	28.218	35.561
114.46	-44.14	10.253	34.784
103.23	-7.34	28.301	33.849
33.90	-39.24	17.005	35.334
87.01	-31.32	17.234	35.554
20.68	-35.98	17.278	35.430
49.55	-20.55	25.265	35.150
88.55	-30.83	17.064	35.746
65.00	16.05	9999.000	9999.000
117.01	-55.41	3.123	33.963
116.02	-12.54	27.527	34.295
72.01	-24.05	24.880	35.189
93.83	-63.93	-1.755	34.265
109.75	-34.41	17.697	35.846
55.01	-42.64	9.868	34.474
58.23	-37.81	15.225	35.453
65.55	-60.25	-1.213	33.654
87.97	-41.85	12.433	24.225
23.03	-45.55	9.688	34.237
66.26	11.20	26.967	36.459
69.56	17.46	26.433	0.000
83.65	-12.14	27.626	34.582
73.72	-6.62	28.140	34.309
50.68	-2.67	24.128	35.241
39.98	-51.23	2.422	33.925
33.80	-40.20	13.939	35.251
83.98	-53.25	-0.515	0.029
85.35	3.33	28.961	35.409
107.45	-14.76	27.106	34.333
97.35	-28.57	18.890	35.938
47.20	12.31	18.977	35.673
57.06	-34.05	15.348	35.519
42.33	-26.58	22.306	35.461
140.81	-46.15	10.309	34.564
99.09	-25.49	21.181	35.546
50.39	0.92	19.384	35.261
54.35	7.96	27.303	35.584
67.75	-7.10	26.345	35.090
67.38	-11.94	26.813	35.059
74.14	-36.41	16.232	35.611
108.70	-24.57	21.601	35.298
119.79	-40.90	11.266	34.754
83.58	-33.29	15.181	35.338
116.50	-41.62	11.023	34.749
64.77	21.09	9999.000	9999.000
77.21	-31.23	18.836	35.861
70.61	16.22	9999.000	9999.000
67.89	17.31	9999.000	9999.000
67.38	16.98	9999.000	9999.000
90.74	0.42	29.084	35.410
109.25	-31.26	18.136	35.828
69.76	18.59	9999.000	9999.000
56.12	11.15	27.804	36.393
68.32	16.04	27.187	35.336
89.19	-37.27	14.864	35.106
72.19	14.26	9999.000	9999.000
132.38	-58.21	2.270	33.879
74.27	-42.17	14.193	35.167
107.85	-23.51	22.132	35.207
130.39	-36.34	15.128	35.451
91.06	-40.81	12.099	34.864
75.65	-27.83	20.460	35.791
88.40	-30.85	17.184	35.746
96.84	-53.26	3.389	33.984
110.44	-40.41	13.307	35.264
99.55	-36.81	15.285	35.576
64.74	14.15	25.494	35.935
102.45	-37.43	13.747	35.166
35.42	-50.58	3.322	33.870
23.54	-41.38	15.309	35.177
85.52	-18.94	25.150	35.150
73.39	-20.78	24.051	35.393
109.46	-42.57	10.897	34.763
81.66	0.91	27.970	35.542
133.83	-39.13	13.363	35.119
33.88	-36.70	18.085	35.638
60.79	15.54	25.734	36.188
119.03	-62.83	-0.751	34.229
33.04	-46.32	6.441	33.910
67.23	10.01	28.135	36.652
100.81	-29.98	18.868	35.964
105.92	-12.30	27.429	34.330
42.71	-20.77	24.990	35.321
95.11	-64.53	-1.314	34.261
78.11	-62.75	-1.521	34.027
100.36	-40.11	12.661	35.098
99.01	-17.62	24.365	34.662
48.01	-35.30	17.796	35.588
43.89	-41.59	13.389	35.075
41.36	-34.90	17.807	35.602
60.35	0.34	25.568	35.408
51.97	-24.06	25.227	35.144
70.90	16.73	28.240	36.555
144.57	-45.64	12.916	35.216
111.92	-46.99	9.915	34.922
105.78	-20.54	22.232	35.206
116.13	-54.48	3.580	33.941
63.12	12.05	26.743	36.319
86.97	-31.33	16.498	35.518
83.89	-31.68	16.572	30.679
130.58	-34.97	15.254	35.369
101.21	-14.34	26.457	34.453
36.89	-25.84	22.498	35.408
70.90	-52.67	2.346	33.863
92.10	0.84	28.539	34.864
65.40	19.27	26.685	36.367
86.07	-58.92	0.206	33.850
66.78	11.99	26.517	36.498
42.81	-30.29	19.229	31.391
84.79	-53.33	2.531	34.036
33.43	-42.74	12.087	34.992
68.51	-37.21	15.566	35.374
37.88	19.71	28.306	39.390
125.84	-43.21	10.952	34.664
88.67	-11.09	27.129	34.223
104.17	-49.48	4.213	33.936
95.87	-55.46	2.470	34.007
83.77	12.18	27.209	34.423
106.33	-43.73	10.186	34.759
74.20	-9.93	29.052	34.506
54.82	-28.45	20.705	35.617
96.05	-20.57	23.590	34.819
135.09	-50.43	8.933	34.361
101.36	-38.75	12.495	34.976
77.89	-29.04	20.997	35.801
91.32	-51.09	3.616	33.939
59.85	20.69	24.158	36.298
56.94	4.24	23.807	35.544
55.70	1.10	0.986	3.520
84.77	5.08	28.826	34.995
88.65	15.62	28.935	32.968
89.04	-28.61	19.143	33.106
86.74	-52.59	2.598	33.934
67.50	14.05	25.761	36.301
80.28	4.83	28.528	35.587
74.50	5.72	28.626	35.235
103.92	-31.13	17.272	35.821
61.19	16.89	25.533	36.112
39.78	-52.07	2.357	33.940
130.48	-61.76	-0.088	33.913
111.76	-11.69	27.026	34.268
113.04	-36.41	14.707	35.431
31.49	-35.88	18.968	35.554
88.30	-30.85	17.119	35.634
91.97	-16.56	25.140	35.745
69.83	-1.95	26.504	35.485
60.69	2.28	24.760	35.397
59.70	-28.48	22.805	35.424
80.16	-1.96	26.293	35.443
77.29	-5.52	28.140	34.226
66.73	17.80	27.405	36.768
77.39	-4.57	27.783	35.078
123.29	-61.74	-0.718	33.976
66.36	-13.73	26.859	34.965
67.81	-14.68	26.284	34.937
111.27	-39.62	13.090	34.937
72.89	-17.35	26.941	35.051
106.41	-53.08	2.260	33.983
68.48	11.23	27.110	36.690
115.87	-12.40	26.863	34.167
65.13	12.47	27.527	36.530
100.70	-26.75	18.997	35.889
47.60	-24.20	23.315	35.144
90.20	-56.93	0.207	33.909
94.43	-28.50	19.391	35.835
83.76	3.70	28.660	35.603
54.15	11.11	22.618	35.509
78.18	4.47	3.435	8.858
65.43	17.84	27.491	36.613
71.75	-52.08	2.556	33.892
108.59	-31.33	17.638	35.823
69.15	-57.79	-0.656	33.651
103.49	-21.76	23.044	34.953
64.59	-9.58	25.558	35.084
93.08	-6.55	28.439	34.215
49.83	-19.08	25.626	35.013
39.82	18.85	29.682	38.990
63.72	-6.34	22.832	35.230
91.15	-28.98	19.823	28.948
56.85	-54.25	2.043	33.875
86.93	-31.33	16.467	35.520
129.88	-49.70	8.952	34.502
81.42	-61.39	-1.122	34.071
130.13	-48.56	9.623	34.659
89.42	-19.13	25.735	34.719
106.05	-11.92	27.330	34.351
47.32	-51.22	2.782	33.888
131.21	-47.56	9.606	34.592
79.63	-13.00	28.287	34.804
98.23	-54.74	1.458	34.032
95.23	-49.10	4.866	33.969
76.74	-22.09	22.447	35.577
85.47	16.32	27.309	33.417
88.13	13.13	27.467	35.094
110.24	-42.76	10.910	34.777
91.12	11.88	28.928	33.943
87.33	13.70	28.411	33.647
86.64	-4.60	26.253	35.394
69.09	-10.42	25.122	34.983
70.11	-16.71	27.534	35.048
121.59	-43.78	10.870	34.905
82.86	-13.15	28.290	34.736
31.66	-48.39	7.316	33.990
79.19	-0.17	28.639	35.454
37.85	-30.40	25.734	29.764
139.91	-44.62	10.835	34.599
81.46	-6.83	27.763	28.743
140.62	-46.08	10.294	34.562
136.44	-49.58	9.197	34.450
119.45	-36.75	15.117	35.378
117.08	-14.90	26.617	34.287
78.41	2.02	28.173	35.547
80.40	-40.29	12.681	35.152
74.00	-31.39	18.327	35.721
121.73	-53.67	5.117	34.171
