72.26	-22.68	9999.000	9999.000
96.87	-32.98	9999.000	9999.000
31.70	-30.36	9999.000	9999.000
68.55	-15.87	9999.000	9999.000
95.13	-35.77	9999.000	9999.000
137.70	-41.48	9999.000	9999.000
59.78	-29.88	9999.000	9999.000
71.36	-44.88	9999.000	9999.000
92.37	-16.80	9999.000	9999.000
60.45	3.87	9999.000	9999.000
101.45	-11.05	9999.000	9999.000
79.55	-4.52	9999.000	9999.000
73.91	-4.53	9999.000	9999.000
75.55	-1.47	9999.000	9999.000
44.39	-32.76	9999.000	9999.000
98.69	-35.18	9999.000	9999.000
89.62	-12.14	9999.000	9999.000
54.81	2.66	9999.000	9999.000
64.46	11.14	9999.000	9999.000
37.82	19.78	9999.000	9999.000
99.75	-3.31	9999.000	9999.000
87.87	-17.38	9999.000	9999.000
84.55	-17.81	9999.000	9999.000
53.64	-51.11	9999.000	9999.000
68.52	10.30	9999.000	9999.000
94.32	-13.64	9999.000	9999.000
97.99	-25.80	9999.000	9999.000
43.37	-25.32	9999.000	9999.000
121.67	-55.76	9999.000	9999.000
84.56	-16.08	9999.000	9999.000
129.02	-53.67	9999.000	9999.000
24.69	-39.01	9999.000	9999.000
74.80	1.51	9999.000	9999.000
37.62	-47.86	9999.000	9999.000
134.49	-44.78	9999.000	9999.000
70.75	-52.68	9999.000	9999.000
91.83	1.48	9999.000	9999.000
113.08	-20.02	9999.000	9999.000
117.74	-14.30	9999.000	9999.000
37.66	-22.57	9999.000	9999.000
49.76	-19.31	9999.000	9999.000
34.33	-26.25	9999.000	9999.000
127.83	-61.93	9999.000	9999.000
103.60	-35.45	9999.000	9999.000
37.83	19.95	9999.000	9999.000
61.03	-23.05	9999.000	9999.000
43.28	-37.49	9999.000	9999.000
110.58	-40.12	9999.000	9999.000
78.89	2.25	9999.000	9999.000
73.10	6.96	9999.000	9999.000
115.58	-37.37	9999.000	9999.000
126.69	-42.70	9999.000	9999.000
56.34	-40.49	9999.000	9999.000
65.42	-50.54	9999.000	9999.000
67.10	11.74	9999.000	9999.000
91.73	5.38	9999.000	9999.000
71.08	9.30	9999.000	9999.000
66.18	19.80	9999.000	9999.000
90.57	-50.72	9999.000	9999.000
59.22	16.30	9999.000	9999.000
53.73	-15.30	9999.000	9999.000
49.43	-39.75	9999.000	9999.000
141.44	-41.40	9999.000	9999.000
92.78	-53.64	9999.000	9999.000
90.73	-52.92	9999.000	9999.000
36.41	23.45	9999.000	9999.000
111.32	-34.76	9999.000	9999.000
43.00	-48.17	9999.000	9999.000
89.13	-19.78	9999.000	9999.000
140.06	-39.36	9999.000	9999.000
103.61	-49.59	9999.000	9999.000
29.74	-37.28	9999.000	9999.000
23.71	-43.55	9999.000	9999.000
86.03	14.27	29.013	32.595
87.13	14.15	9999.000	9999.000
91.48	13.55	9999.000	9999.000
89.12	12.93	9999.000	9999.000
67.13	-15.28	9999.000	9999.000
47.53	-30.09	9999.000	9999.000
131.51	-51.01	9999.000	9999.000
118.04	-47.56	9999.000	9999.000
141.00	-48.28	9999.000	9999.000
31.57	-46.53	9999.000	9999.000
109.44	-37.93	9999.000	9999.000
100.07	-26.77	9999.000	9999.000
79.55	-11.97	9999.000	9999.000
94.81	-27.70	9999.000	9999.000
85.94	-36.25	9999.000	9999.000
94.88	-53.98	9999.000	9999.000
99.03	-24.55	9999.000	9999.000
62.23	-0.58	9999.000	9999.000
41.61	-16.28	9999.000	9999.000
46.65	12.69	9999.000	9999.000
90.30	-27.05	9999.000	9999.000
70.05	-20.43	9999.000	9999.000
107.19	-7.82	9999.000	9999.000
96.22	-61.72	9999.000	9999.000
103.81	-37.34	9999.000	9999.000
59.32	-3.10	9999.000	9999.000
39.95	18.72	9999.000	9999.000
67.15	-52.68	9999.000	9999.000
86.99	-47.05	9999.000	9999.000
119.07	-13.97	9999.000	9999.000
97.11	-29.44	9999.000	9999.000
102.65	-24.48	9999.000	9999.000
56.14	-6.78	9999.000	9999.000
53.70	-56.16	9999.000	9999.000
82.42	16.01	9999.000	9999.000
82.01	-0.14	9999.000	9999.000
112.51	-32.41	9999.000	9999.000
93.05	-10.55	9999.000	9999.000
36.67	-36.42	9999.000	9999.000
34.05	-31.71	9999.000	9999.000
98.32	-45.38	9999.000	9999.000
42.48	-50.29	9999.000	9999.000
87.52	1.47	9999.000	9999.000
121.88	-43.61	9999.000	9999.000
69.06	6.47	9999.000	9999.000
118.47	-13.58	9999.000	9999.000
23.39	-50.46	9999.000	9999.000
140.83	-63.46	-1.630	33.980
97.06	-38.38	9999.000	9999.000
28.88	-50.62	9999.000	9999.000
86.36	-2.54	9999.000	9999.000
138.32	-40.18	9999.000	9999.000
61.53	-14.72	9999.000	9999.000
72.69	3.59	9999.000	9999.000
91.75	5.35	9999.000	9999.000
142.14	-39.32	9999.000	9999.000
81.02	-46.86	0.000	0.000
134.92	-40.90	9999.000	9999.000
80.55	4.23	9999.000	9999.000
113.78	-37.35	9999.000	9999.000
97.47	-17.12	9999.000	9999.000
54.14	-34.06	9999.000	9999.000
67.77	14.36	0.000	0.000
82.53	0.10	9999.000	9999.000
86.21	-44.67	9999.000	9999.000
75.81	-41.08	9999.000	9999.000
91.53	-32.37	9999.000	9999.000
64.43	15.12	9999.000	9999.000
81.98	-45.06	9999.000	9999.000
43.04	-45.24	9999.000	9999.000
100.26	-55.16	9999.000	9999.000
87.07	3.87	9999.000	9999.000
96.40	-16.82	9999.000	9999.000
98.60	-56.04	9999.000	9999.000
142.25	-49.61	9999.000	9999.000
38.87	-45.08	9999.000	9999.000
47.94	-41.08	9999.000	9999.000
41.55	-2.33	9999.000	9999.000
133.76	-41.88	9999.000	9999.000
92.43	1.78	9999.000	9999.000
125.86	-40.88	9999.000	9999.000
89.58	18.60	9999.000	9999.000
45.80	2.30	9999.000	9999.000
120.29	-42.64	9999.000	9999.000
106.34	-31.36	9999.000	9999.000
79.73	2.46	9999.000	9999.000
93.27	-1.01	9999.000	9999.000
52.83	7.20	9999.000	9999.000
37.95	-27.50	9999.000	9999.000
81.61	1.36	9999.000	9999.000
94.17	-30.12	9999.000	9999.000
88.55	-19.75	9999.000	9999.000
98.60	-25.85	9999.000	9999.000
86.93	-18.36	9999.000	9999.000
38.61	-25.81	9999.000	9999.000
44.55	-57.71	9999.000	9999.000
94.68	4.46	9999.000	9999.000
101.87	-45.72	9999.000	9999.000
140.10	-61.45	9999.000	9999.000
89.53	-39.71	9999.000	9999.000
91.65	-40.43	9999.000	9999.000
45.06	-2.10	9999.000	9999.000
59.73	-7.01	9999.000	9999.000
86.37	-36.93	9999.000	9999.000
57.11	-12.60	9999.000	9999.000
66.27	-2.54	9999.000	9999.000
53.73	-9.09	9999.000	9999.000
38.67	-48.11	9999.000	9999.000
78.48	-16.87	9999.000	9999.000
115.56	-37.95	9999.000	9999.000
33.18	-29.79	9999.000	9999.000
115.33	-16.68	9999.000	9999.000
48.25	12.07	9999.000	9999.000
80.35	-1.10	9999.000	9999.000
91.84	5.36	9999.000	9999.000
53.22	-9.44	27.576	35.291
84.50	-1.24	9999.000	9999.000
54.52	-22.78	9999.000	9999.000
125.99	-56.18	9999.000	9999.000
42.58	-35.44	9999.000	9999.000
92.35	-15.80	9999.000	9999.000
58.29	24.42	9999.000	9999.000
32.65	-37.30	9999.000	9999.000
92.53	-53.56	9999.000	9999.000
69.18	11.21	9999.000	9999.000
132.04	-44.40	9999.000	9999.000
66.92	10.63	9999.000	9999.000
130.16	-35.33	9999.000	9999.000
117.03	-41.69	9999.000	9999.000
143.63	-45.08	9999.000	9999.000
131.08	-40.31	9999.000	9999.000
63.05	-6.34	9999.000	9999.000
116.73	-58.45	9999.000	9999.000
76.52	-15.92	9999.000	9999.000
110.44	-47.46	9999.000	9999.000
91.64	-23.01	9999.000	9999.000
73.57	-27.45	9999.000	9999.000
45.81	-40.53	9999.000	9999.000
70.82	-52.69	9999.000	9999.000
136.76	-54.56	9999.000	9999.000
118.99	-39.16	9999.000	9999.000
60.31	-37.29	9999.000	9999.000
68.13	12.48	9999.000	9999.000
39.06	-33.88	9999.000	9999.000
84.93	-53.83	9999.000	9999.000
86.31	-55.54	9999.000	9999.000
91.03	-49.24	9999.000	9999.000
96.92	-51.85	9999.000	9999.000
123.09	-49.80	9999.000	9999.000
103.69	-49.27	9999.000	9999.000
103.49	-17.76	9999.000	9999.000
59.79	8.13	9999.000	9999.000
96.59	-22.25	9999.000	9999.000
119.93	-14.17	9999.000	9999.000
98.48	-19.93	9999.000	9999.000
139.04	-47.91	9999.000	9999.000
91.55	-52.07	9999.000	9999.000
115.32	-15.23	9999.000	9999.000
86.11	-2.32	9999.000	9999.000
37.43	-24.35	9999.000	9999.000
56.76	3.19	9999.000	9999.000
106.77	-35.33	9999.000	9999.000
89.61	15.48	9999.000	9999.000
107.40	-14.82	9999.000	9999.000
33.30	-43.96	9999.000	9999.000
98.20	-6.41	9999.000	9999.000
68.19	-42.00	9999.000	9999.000
60.96	-17.33	9999.000	9999.000
41.08	-5.22	9999.000	9999.000
77.69	-55.85	9999.000	9999.000
91.83	1.29	9999.000	9999.000
109.24	-23.84	9999.000	9999.000
96.19	-40.70	9999.000	9999.000
62.55	0.18	9999.000	9999.000
36.51	23.41	9999.000	9999.000
110.11	-34.46	9999.000	9999.000
137.26	-41.97	9999.000	9999.000
86.44	-54.24	9999.000	9999.000
107.99	-64.29	9999.000	9999.000
91.93	5.31	9999.000	9999.000
130.46	-36.36	9999.000	9999.000
66.58	21.93	9999.000	9999.000
21.07	-38.74	9999.000	9999.000
74.83	0.59	9999.000	9999.000
86.39	-0.63	9999.000	9999.000
90.45	1.67	9999.000	9999.000
79.15	-28.17	9999.000	9999.000
84.15	-31.33	9999.000	9999.000
75.89	-58.23	9999.000	9999.000
100.19	-28.56	9999.000	9999.000
129.50	-57.98	9999.000	9999.000
66.40	14.36	9999.000	9999.000
98.51	-7.61	9999.000	9999.000
82.90	-27.88	9999.000	9999.000
84.68	3.61	9999.000	9999.000
84.98	-10.08	9999.000	9999.000
139.22	-38.15	9999.000	9999.000
80.24	-42.72	9999.000	9999.000
110.53	-35.60	9999.000	9999.000
50.30	-38.21	9999.000	9999.000
61.89	22.30	9999.000	9999.000
117.48	-11.65	9999.000	9999.000
26.12	-45.21	9999.000	9999.000
36.50	-30.06	9999.000	9999.000
38.20	-31.00	9999.000	9999.000
100.45	-8.63	9999.000	9999.000
70.80	-12.51	9999.000	9999.000
82.14	11.70	9999.000	9999.000
67.74	-66.26	9999.000	9999.000
65.62	-54.82	9999.000	9999.000
35.58	-49.66	9999.000	9999.000
121.59	-39.24	9999.000	9999.000
144.38	-61.89	9999.000	9999.000
55.84	-29.43	9999.000	9999.000
99.64	-39.11	9999.000	9999.000
98.47	-55.92	9999.000	9999.000
105.71	-35.20	9999.000	9999.000
110.34	-17.56	9999.000	9999.000
29.79	-39.68	9999.000	9999.000
20.80	-35.92	9999.000	9999.000
85.50	-1.17	9999.000	9999.000
50.64	-17.68	9999.000	9999.000
48.42	12.06	9999.000	9999.000
43.59	-37.52	9999.000	9999.000
114.33	-42.73	9999.000	9999.000
113.96	-55.73	9999.000	9999.000
111.46	-32.47	9999.000	9999.000
110.11	-34.46	9999.000	9999.000
50.64	-41.11	9999.000	9999.000
113.29	-44.61	9999.000	9999.000
82.10	-0.82	9999.000	9999.000
69.14	18.21	9999.000	9999.000
108.90	-15.07	9999.000	9999.000
66.67	-61.09	0.000	0.000
84.43	-3.95	9999.000	9999.000
65.91	11.18	9999.000	9999.000
91.22	-52.59	9999.000	9999.000
22.76	-43.62	9999.000	9999.000
86.87	-41.44	9999.000	9999.000
115.59	-15.77	9999.000	9999.000
33.14	-65.60	9999.000	9999.000
88.41	4.09	9999.000	9999.000
49.06	-5.26	9999.000	9999.000
38.05	-51.85	9999.000	9999.000
139.66	-41.19	9999.000	9999.000
71.42	10.40	9999.000	9999.000
131.91	-51.29	9999.000	9999.000
143.37	-47.64	9999.000	9999.000
73.34	-35.10	9999.000	9999.000
86.35	-59.62	9999.000	9999.000
56.30	-35.75	9999.000	9999.000
117.48	-11.65	9999.000	9999.000
22.24	-49.02	9999.000	9999.000
140.68	-47.98	9999.000	9999.000
64.96	8.04	9999.000	9999.000
144.69	-52.60	9999.000	9999.000
27.97	-33.43	9999.000	9999.000
70.38	-7.95	9999.000	9999.000
66.29	-11.18	9999.000	9999.000
51.51	1.00	9999.000	9999.000
120.62	-35.82	9999.000	9999.000
67.65	17.34	9999.000	9999.000
68.01	17.43	9999.000	9999.000
99.93	-27.92	9999.000	9999.000
69.06	15.48	9999.000	9999.000
65.73	21.80	9999.000	9999.000
87.67	1.36	9999.000	9999.000
76.79	-27.11	9999.000	9999.000
108.89	-21.14	9999.000	9999.000
69.69	17.33	9999.000	9999.000
91.98	5.25	9999.000	9999.000
77.26	-31.01	9999.000	9999.000
69.36	18.91	9999.000	9999.000
108.45	-32.60	9999.000	9999.000
106.22	-11.96	9999.000	9999.000
66.26	9.70	9999.000	9999.000
72.23	14.34	9999.000	9999.000
78.09	-11.18	9999.000	9999.000
133.19	-36.15	9999.000	9999.000
58.81	2.75	9999.000	9999.000
132.89	-59.68	0.709	33.903
93.43	-41.18	9999.000	9999.000
70.35	-40.70	9999.000	9999.000
92.50	-50.62	9999.000	9999.000
85.56	-18.91	9999.000	9999.000
74.15	-21.50	9999.000	9999.000
106.88	-11.71	9999.000	9999.000
76.32	-22.39	9999.000	9999.000
133.88	-39.97	9999.000	9999.000
60.32	3.84	9999.000	9999.000
76.54	-20.60	9999.000	9999.000
81.26	-0.03	9999.000	9999.000
65.69	-5.18	9999.000	9999.000
39.42	-35.66	9999.000	9999.000
51.24	-1.06	9999.000	9999.000
61.76	15.37	9999.000	9999.000
48.59	-36.65	9999.000	9999.000
31.32	-48.19	9999.000	9999.000
62.67	11.17	9999.000	9999.000
100.06	-30.30	9999.000	9999.000
141.23	-49.12	9999.000	9999.000
137.11	-61.94	9999.000	9999.000
40.48	-19.82	9999.000	9999.000
102.96	-38.11	9999.000	9999.000
101.88	-39.86	9999.000	9999.000
106.53	-60.07	9999.000	9999.000
44.51	-35.15	9999.000	9999.000
41.86	-41.47	9999.000	9999.000
60.29	-0.19	9999.000	9999.000
84.82	-54.34	9999.000	9999.000
86.21	-55.74	9999.000	9999.000
98.11	-12.06	9999.000	9999.000
111.70	-45.68	9999.000	9999.000
37.42	-32.17	9999.000	9999.000
78.93	-21.25	9999.000	9999.000
51.48	-24.54	9999.000	9999.000
78.22	-25.54	9999.000	9999.000
70.60	17.45	9999.000	9999.000
104.17	-6.77	9999.000	9999.000
118.90	-42.14	9999.000	9999.000
37.82	19.77	9999.000	9999.000
82.18	-13.56	9999.000	9999.000
68.22	-37.80	9999.000	9999.000
75.98	-41.23	9999.000	9999.000
22.72	-40.53	9999.000	9999.000
82.17	-16.50	9999.000	9999.000
65.76	11.92	9999.000	9999.000
118.18	-51.41	9999.000	9999.000
66.08	19.82	9999.000	9999.000
44.41	-30.46	9999.000	9999.000
92.32	-53.61	9999.000	9999.000
31.17	-41.78	9999.000	9999.000
94.44	-20.83	9999.000	9999.000
93.92	-63.91	9999.000	9999.000
70.05	-36.80	9999.000	9999.000
74.96	-8.99	9999.000	9999.000
104.25	-49.24	9999.000	9999.000
82.72	13.25	9999.000	9999.000
115.82	-12.89	9999.000	9999.000
108.34	-44.66	9999.000	9999.000
59.77	-37.82	9999.000	9999.000
141.57	-47.88	9999.000	9999.000
124.51	-41.84	9999.000	9999.000
83.80	-53.01	9999.000	9999.000
63.89	15.43	9999.000	9999.000
73.93	-6.95	9999.000	9999.000
70.83	-52.67	9999.000	9999.000
97.28	-9.97	9999.000	9999.000
37.83	19.95	9999.000	9999.000
84.87	-12.61	9999.000	9999.000
85.59	5.12	9999.000	9999.000
66.83	10.48	9999.000	9999.000
68.43	13.01	9999.000	9999.000
92.23	-53.74	9999.000	9999.000
88.84	-27.48	9999.000	9999.000
64.36	1.81	9999.000	9999.000
59.87	11.59	9999.000	9999.000
79.05	4.82	9999.000	9999.000
66.38	14.31	9999.000	9999.000
106.82	-53.26	9999.000	9999.000
75.08	5.67	9999.000	9999.000
108.04	-46.13	9999.000	9999.000
62.22	16.91	9999.000	9999.000
97.47	-1.77	9999.000	9999.000
78.08	-41.05	9999.000	9999.000
40.65	-51.28	9999.000	9999.000
127.00	-61.94	9999.000	9999.000
135.87	-40.83	9999.000	9999.000
141.12	-44.57	9999.000	9999.000
53.82	10.85	9999.000	9999.000
31.22	-36.12	9999.000	9999.000
129.46	-41.22	9999.000	9999.000
92.30	-16.72	9999.000	9999.000
78.58	-6.60	9999.000	9999.000
69.67	-1.04	9999.000	9999.000
111.58	-39.27	9999.000	9999.000
59.25	1.68	9999.000	9999.000
48.13	-22.75	9999.000	9999.000
104.89	-53.14	9999.000	9999.000
116.95	-40.79	9999.000	9999.000
66.83	17.95	9999.000	9999.000
79.41	-4.65	9999.000	9999.000
74.52	-4.77	9999.000	9999.000
75.95	-1.90	9999.000	9999.000
120.59	-53.49	9999.000	9999.000
68.52	-13.25	9999.000	9999.000
73.33	-18.58	9999.000	9999.000
127.60	-61.80	9999.000	9999.000
64.44	11.30	9999.000	9999.000
68.56	10.54	9999.000	9999.000
79.72	2.35	9999.000	9999.000
99.96	-36.12	9999.000	9999.000
115.78	-12.73	9999.000	9999.000
66.02	-12.47	9999.000	9999.000
89.74	-26.91	9999.000	9999.000
46.68	12.69	9999.000	9999.000
144.35	-48.43	9999.000	9999.000
84.60	4.16	9999.000	9999.000
97.29	-27.13	9999.000	9999.000
65.70	17.65	9999.000	9999.000
96.58	-64.50	9999.000	9999.000
119.31	-63.07	9999.000	9999.000
71.31	-52.05	9999.000	9999.000
39.95	18.72	9999.000	9999.000
87.83	-18.15	9999.000	9999.000
63.69	-57.55	9999.000	9999.000
55.59	-53.82	9999.000	9999.000
106.24	-11.33	9999.000	9999.000
100.74	-17.71	9999.000	9999.000
104.18	-20.21	9999.000	9999.000
52.29	-18.71	9999.000	9999.000
133.94	-48.57	9999.000	9999.000
84.79	-38.88	9999.000	9999.000
97.91	-52.47	9999.000	9999.000
78.64	-23.59	9999.000	9999.000
40.99	-49.60	9999.000	9999.000
76.63	-13.22	9999.000	9999.000
100.56	-14.04	9999.000	9999.000
130.40	-34.92	9999.000	9999.000
133.54	-50.81	9999.000	9999.000
58.29	9.65	9999.000	9999.000
92.22	-9.43	9999.000	9999.000
98.32	-55.85	9999.000	9999.000
124.77	-49.25	9999.000	9999.000
85.87	14.48	9999.000	9999.000
89.05	12.82	9999.000	9999.000
122.23	-43.36	9999.000	9999.000
91.48	13.48	9999.000	9999.000
87.08	14.17	9999.000	9999.000
115.05	-37.60	9999.000	9999.000
92.27	-29.66	9999.000	9999.000
69.91	-15.65	9999.000	9999.000
86.04	-4.18	9999.000	9999.000
78.67	-63.32	9999.000	9999.000
111.12	-41.57	9999.000	9999.000
68.00	-9.94	9999.000	9999.000
30.35	-49.34	9999.000	9999.000
52.32	-15.29	9999.000	9999.000
109.38	-42.24	9999.000	9999.000
90.18	-11.74	9999.000	9999.000
60.14	-26.53	9999.000	9999.000
76.60	0.09	9999.000	9999.000
139.28	-47.93	9999.000	9999.000
66.01	12.85	9999.000	9999.000
124.97	-42.39	9999.000	9999.000
93.66	-45.74	9999.000	9999.000
117.16	-13.85	9999.000	9999.000
74.30	-33.59	9999.000	9999.000
