72.26	-22.68	19.595	35.740
96.87	-32.98	12.824	35.199
31.70	-30.36	18.648	35.621
68.55	-15.87	20.222	35.034
95.13	-35.77	12.307	35.090
137.70	-41.48	11.259	35.007
59.78	-29.88	17.976	35.641
71.36	-44.88	8.374	34.209
92.37	-16.80	22.440	35.877
60.45	3.87	14.772	35.243
101.45	-11.05	19.342	34.488
79.55	-4.52	15.756	34.880
73.91	-4.53	17.443	35.189
75.55	-1.47	16.898	35.201
44.39	-32.76	16.457	35.536
98.69	-35.18	14.049	35.492
89.62	-12.14	19.885	34.820
54.81	2.66	16.192	35.253
64.46	11.14	17.169	35.425
37.82	19.78	22.774	40.403
99.75	-3.31	14.802	34.940
87.87	-17.38	20.374	35.127
84.55	-17.81	20.904	35.334
53.64	-51.11	1.761	33.835
68.52	10.30	16.679	35.479
94.32	-13.64	19.620	35.007
97.99	-25.80	17.962	32.185
43.37	-25.32	20.086	35.496
121.67	-55.76	1.592	33.952
84.56	-16.08	22.590	35.415
129.02	-53.67	3.139	33.962
24.69	-39.01	17.728	35.680
74.80	1.51	15.436	35.178
37.62	-47.86	2.697	33.854
134.49	-44.78	9.196	34.575
70.75	-52.68	1.176	33.901
91.83	1.48	17.492	35.091
113.08	-20.02	19.808	35.437
117.74	-14.30	20.784	34.546
37.66	-22.57	21.498	35.221
49.76	-19.31	23.658	35.170
34.33	-26.25	16.982	35.350
127.83	-61.93	0.880	34.144
103.60	-35.45	13.177	35.347
37.83	19.95	22.634	40.465
61.03	-23.05	21.386	35.584
43.28	-37.49	16.794	35.593
110.58	-40.12	10.381	34.782
78.89	2.25	9999.000	9999.000
73.10	6.96	16.414	35.147
115.58	-37.37	13.418	35.327
126.69	-42.70	9.788	34.674
56.34	-40.49	13.344	35.187
65.42	-50.54	2.031	33.826
67.10	11.74	18.789	35.835
91.73	5.38	16.959	34.746
71.08	9.30	15.336	35.207
66.18	19.80	19.288	35.943
90.57	-50.72	3.714	33.940
59.22	16.30	18.470	35.741
53.73	-15.30	23.331	35.204
49.43	-39.75	13.245	35.144
141.44	-41.40	11.675	35.127
92.78	-53.64	2.224	33.997
90.73	-52.92	2.517	34.050
36.41	23.45	22.564	40.423
111.32	-34.76	14.134	35.445
43.00	-48.17	2.895	33.774
89.13	-19.78	20.971	35.626
140.06	-39.36	13.412	35.464
103.61	-49.59	3.305	33.976
29.74	-37.28	17.418	35.592
23.71	-43.55	12.573	35.123
86.03	14.27	16.136	35.266
87.13	14.15	16.952	34.904
91.48	13.55	17.600	34.855
89.12	12.93	16.794	35.559
67.13	-15.28	21.138	35.534
47.53	-30.09	9.537	32.783
131.51	-51.01	7.768	34.391
118.04	-47.56	8.884	34.571
141.00	-48.28	9.255	34.652
31.57	-46.53	3.918	33.831
109.44	-37.93	10.946	34.878
100.07	-26.77	17.267	35.758
79.55	-11.97	19.080	35.135
94.81	-27.70	16.755	35.726
85.94	-36.25	12.631	35.125
94.88	-53.98	1.663	33.968
99.03	-24.55	18.890	35.864
62.23	-0.58	15.633	35.205
41.61	-16.28	24.669	35.010
46.65	12.69	16.197	35.595
90.30	-27.05	16.072	35.656
70.05	-20.43	22.110	35.492
107.19	-7.82	15.363	34.670
96.22	-61.72	0.654	34.562
103.81	-37.34	11.408	34.991
59.32	-3.10	16.196	35.241
39.95	18.72	22.649	40.407
67.15	-52.68	1.632	33.860
86.99	-47.05	6.681	34.039
119.07	-13.97	21.396	34.704
97.11	-29.44	17.606	35.906
102.65	-24.48	19.486	35.770
56.14	-6.78	12.995	35.048
53.70	-56.16	-0.345	33.988
82.42	16.01	16.069	34.922
82.01	-0.14	17.617	35.104
112.51	-32.41	14.619	36.797
93.05	-10.55	20.532	34.453
36.67	-36.42	17.066	35.606
34.05	-31.71	18.714	29.139
98.32	-45.38	7.917	34.417
42.48	-50.29	2.192	33.877
87.52	1.47	17.052	35.131
121.88	-43.61	10.046	34.734
69.06	6.47	15.050	35.223
118.47	-13.58	22.652	34.532
23.39	-50.46	1.190	33.952
140.83	-63.46	1.891	34.575
97.06	-38.38	12.302	35.152
28.88	-50.62	2.193	33.912
86.36	-2.54	14.889	35.150
138.32	-40.18	11.732	35.088
61.53	-14.72	21.358	35.277
72.69	3.59	14.898	35.203
91.75	5.35	15.507	34.833
142.14	-39.32	12.205	35.210
81.02	-46.86	3.609	33.801
134.92	-40.90	11.688	35.065
80.55	4.23	15.430	34.953
113.78	-37.35	12.405	23.307
97.47	-17.12	21.538	35.347
54.14	-34.06	15.144	35.459
67.77	14.36	19.866	35.906
82.53	0.10	18.031	35.244
86.21	-44.67	9.716	32.959
75.81	-41.08	12.295	35.125
91.53	-32.37	14.250	35.382
64.43	15.12	21.560	36.119
81.98	-45.06	10.240	34.760
43.04	-45.24	5.554	33.986
100.26	-55.16	0.796	34.016
87.07	3.87	15.051	35.021
96.40	-16.82	21.215	35.332
98.60	-56.04	0.417	34.057
142.25	-49.61	8.817	34.574
38.87	-45.08	4.642	33.953
47.94	-41.08	7.111	34.063
41.55	-2.33	15.919	35.229
133.76	-41.88	10.749	34.897
92.43	1.78	16.042	35.004
125.86	-40.88	10.352	34.804
89.58	18.60	16.411	34.892
45.80	2.30	9999.000	9999.000
120.29	-42.64	10.219	34.738
106.34	-31.36	13.177	35.281
79.73	2.46	15.113	35.165
93.27	-1.01	15.650	35.133
52.83	7.20	20.655	35.684
37.95	-27.50	18.177	35.631
81.61	1.36	15.104	35.118
94.17	-30.12	14.040	35.368
88.55	-19.75	20.969	35.600
98.60	-25.85	19.756	35.741
86.93	-18.36	20.776	35.019
38.61	-25.81	18.292	35.612
44.55	-57.71	-0.912	33.964
94.68	4.46	14.764	35.001
101.87	-45.72	8.970	34.581
140.10	-61.45	1.719	34.378
89.53	-39.71	11.328	34.948
91.65	-40.43	11.365	34.957
45.06	-2.10	17.694	35.329
59.73	-7.01	14.304	35.162
86.37	-36.93	11.979	35.091
57.11	-12.60	19.824	35.248
66.27	-2.54	17.110	35.228
53.73	-9.09	15.097	35.145
38.67	-48.11	2.193	33.849
78.48	-16.87	18.351	35.116
115.56	-37.95	13.532	35.332
33.18	-29.79	9999.000	9999.000
115.33	-16.68	22.558	34.935
48.25	12.07	14.935	35.671
80.35	-1.10	16.637	35.162
91.84	5.36	16.926	34.765
53.22	-9.44	15.963	35.216
84.50	-1.24	16.601	35.184
54.52	-22.78	21.863	35.378
125.99	-56.18	1.635	33.924
42.58	-35.44	15.439	35.472
92.35	-15.80	21.309	35.059
58.29	24.42	9999.000	9999.000
32.65	-37.30	12.654	35.062
92.53	-53.56	2.162	34.020
69.18	11.21	16.426	35.516
132.04	-44.40	9.825	34.705
66.92	10.63	18.373	35.588
130.16	-35.33	13.327	35.348
117.03	-41.69	9.825	34.786
143.63	-45.08	11.201	35.049
131.08	-40.31	10.494	34.804
63.05	-6.34	13.672	35.091
116.73	-58.45	0.944	33.987
76.52	-15.92	21.699	35.486
110.44	-47.46	9.205	34.666
91.64	-23.01	18.238	35.761
73.57	-27.45	16.760	35.655
45.81	-40.53	16.370	35.556
70.82	-52.69	1.157	33.899
136.76	-54.56	3.192	33.926
118.99	-39.16	10.892	34.854
60.31	-37.29	13.874	35.393
68.13	12.48	17.954	35.539
39.06	-33.88	16.333	35.539
84.93	-53.83	0.868	34.075
86.31	-55.54	-0.115	34.097
91.03	-49.24	5.569	33.988
96.92	-51.85	3.087	33.995
123.09	-49.80	7.056	34.289
103.69	-49.27	3.290	33.970
103.49	-17.76	19.619	34.929
59.79	8.13	18.782	35.725
96.59	-22.25	18.813	35.853
119.93	-14.17	20.306	34.795
98.48	-19.93	20.292	35.349
139.04	-47.91	9.175	34.576
91.55	-52.07	1.948	34.001
115.32	-15.23	22.180	34.397
86.11	-2.32	9999.000	9999.000
37.43	-24.35	18.715	35.312
56.76	3.19	16.234	35.331
106.77	-35.33	12.898	35.220
89.61	15.48	17.613	34.890
107.40	-14.82	18.734	34.861
33.30	-43.96	10.702	34.778
98.20	-6.41	14.775	34.643
68.19	-42.00	13.542	35.313
60.96	-17.33	22.898	35.162
41.08	-5.22	14.699	35.204
77.69	-55.85	0.581	0.007
91.83	1.29	15.397	35.030
109.24	-23.84	20.261	35.577
96.19	-40.70	10.953	34.888
62.55	0.18	14.581	35.176
36.51	23.41	22.527	40.425
110.11	-34.46	13.371	35.320
137.26	-41.97	10.984	34.930
86.44	-54.24	1.752	34.021
107.99	-64.29	-1.871	34.343
91.93	5.31	17.305	34.874
130.46	-36.36	13.763	35.464
66.58	21.93	19.854	36.149
21.07	-38.74	17.880	35.593
74.83	0.59	17.160	35.194
86.39	-0.63	16.661	35.161
90.45	1.67	14.958	35.070
79.15	-28.17	17.877	35.918
84.15	-31.33	13.651	31.117
75.89	-58.23	-0.704	34.212
100.19	-28.56	15.000	35.543
129.50	-57.98	0.890	33.944
66.40	14.36	20.424	36.004
98.51	-7.61	15.182	34.586
82.90	-27.88	18.393	35.799
84.68	3.61	14.898	34.925
84.98	-10.08	20.034	34.604
139.22	-38.15	13.219	35.422
80.24	-42.72	11.855	35.084
110.53	-35.60	11.741	35.014
50.30	-38.21	14.815	35.446
61.89	22.30	18.591	36.604
117.48	-11.65	17.540	34.410
26.12	-45.21	5.829	33.879
36.50	-30.06	19.768	35.539
38.20	-31.00	17.661	35.636
100.45	-8.63	14.722	34.547
70.80	-12.51	16.221	35.029
82.14	11.70	9999.000	9999.000
67.74	-66.26	-1.832	34.254
65.62	-54.82	1.258	33.898
35.58	-49.66	1.428	33.954
121.59	-39.24	10.519	28.426
144.38	-61.89	1.555	34.503
55.84	-29.43	17.474	35.633
99.64	-39.11	10.997	34.905
98.47	-55.92	0.390	34.055
105.71	-35.20	13.273	35.351
110.34	-17.56	20.114	35.544
29.79	-39.68	17.322	35.587
20.80	-35.92	9999.000	9999.000
85.50	-1.17	16.271	35.155
50.64	-17.68	22.524	35.307
48.42	12.06	15.791	35.950
43.59	-37.52	16.368	35.565
114.33	-42.73	9.787	34.693
113.96	-55.73	2.199	33.970
111.46	-32.47	15.667	35.651
110.11	-34.46	12.887	35.225
50.64	-41.11	13.081	35.143
113.29	-44.61	9.879	34.693
82.10	-0.82	3.090	10.545
69.14	18.21	18.114	0.000
108.90	-15.07	20.158	31.933
66.67	-61.09	0.640	34.196
84.43	-3.95	14.216	34.996
65.91	11.18	17.349	35.464
91.22	-52.59	2.005	34.009
22.76	-43.62	6.999	34.062
86.87	-41.44	11.480	36.482
115.59	-15.77	21.200	34.631
33.14	-65.60	-1.850	34.354
88.41	4.09	14.745	34.987
49.06	-5.26	14.182	35.154
38.05	-51.85	1.348	33.957
139.66	-41.19	12.824	35.360
71.42	10.40	17.915	35.629
131.91	-51.29	7.389	34.334
143.37	-47.64	9.473	34.665
73.34	-35.10	13.853	35.330
86.35	-59.62	0.558	34.532
56.30	-35.75	14.630	35.501
117.48	-11.65	18.246	34.408
22.24	-49.02	1.794	33.939
140.68	-47.98	9.123	34.616
64.96	8.04	15.722	35.407
144.69	-52.60	2.904	33.908
27.97	-33.43	16.621	35.541
70.38	-7.95	14.986	35.149
66.29	-11.18	16.610	34.721
51.51	1.00	15.781	35.235
120.62	-35.82	13.005	35.219
67.65	17.34	18.782	35.852
68.01	17.43	9999.000	9999.000
99.93	-27.92	14.297	35.442
69.06	15.48	9999.000	9999.000
65.73	21.80	9999.000	9999.000
87.67	1.36	16.309	35.125
76.79	-27.11	16.646	35.678
108.89	-21.14	18.788	35.697
69.69	17.33	9999.000	9999.000
91.98	5.25	16.900	34.886
77.26	-31.01	15.430	35.534
69.36	18.91	9999.000	9999.000
108.45	-32.60	13.919	35.390
106.22	-11.96	18.302	34.941
66.26	9.70	16.807	35.505
72.23	14.34	9999.000	9999.000
78.09	-11.18	19.023	35.189
133.19	-36.15	13.316	35.304
58.81	2.75	2.931	10.590
132.89	-59.68	0.457	33.941
93.43	-41.18	11.540	34.958
70.35	-40.70	12.956	35.225
92.50	-50.62	3.605	33.959
85.56	-18.91	21.197	35.607
74.15	-21.50	21.348	35.645
106.88	-11.71	18.518	34.925
76.32	-22.39	21.195	35.659
133.88	-39.97	11.649	35.104
60.32	3.84	14.857	35.238
76.54	-20.60	19.538	35.709
81.26	-0.03	14.932	35.128
65.69	-5.18	14.814	35.206
39.42	-35.66	16.454	35.559
51.24	-1.06	15.685	35.229
61.76	15.37	18.781	35.833
48.59	-36.65	16.434	35.576
31.32	-48.19	5.886	34.034
62.67	11.17	19.013	35.616
100.06	-30.30	16.545	35.798
141.23	-49.12	8.807	34.540
137.11	-61.94	1.830	34.408
40.48	-19.82	18.792	35.320
102.96	-38.11	12.558	35.294
101.88	-39.86	11.993	35.162
106.53	-60.07	-0.689	33.989
44.51	-35.15	14.683	35.379
41.86	-41.47	12.428	35.054
60.29	-0.19	16.356	35.223
84.82	-54.34	0.580	34.070
86.21	-55.74	1.137	34.130
98.11	-12.06	18.929	34.501
111.70	-45.68	9.851	34.845
37.42	-32.17	15.287	34.869
78.93	-21.25	21.433	35.594
51.48	-24.54	24.093	35.111
78.22	-25.54	21.196	35.631
70.60	17.45	17.462	35.547
104.17	-6.77	15.101	34.713
118.90	-42.14	10.352	34.768
37.82	19.77	22.835	40.398
82.18	-13.56	18.664	35.542
68.22	-37.80	13.418	35.294
75.98	-41.23	12.407	35.141
22.72	-40.53	10.836	34.761
82.17	-16.50	21.049	35.104
65.76	11.92	18.920	35.749
118.18	-51.41	1.933	33.979
66.08	19.82	19.297	35.977
44.41	-30.46	15.878	31.654
92.32	-53.61	2.070	34.012
31.17	-41.78	11.257	34.850
94.44	-20.83	20.272	35.740
93.92	-63.91	-0.278	34.494
70.05	-36.80	13.279	35.263
74.96	-8.99	16.364	35.121
104.25	-49.24	3.507	33.973
82.72	13.25	15.467	34.954
115.82	-12.89	20.256	34.531
108.34	-44.66	9.995	34.745
59.77	-37.82	13.947	35.387
141.57	-47.88	9.350	34.659
124.51	-41.84	10.266	34.745
83.80	-53.01	-0.651	34.133
63.89	15.43	9999.000	9999.000
73.93	-6.95	18.130	35.196
70.83	-52.67	1.165	33.900
97.28	-9.97	16.643	34.535
37.83	19.95	22.800	40.453
84.87	-12.61	17.615	34.855
85.59	5.12	15.566	34.950
66.83	10.48	17.256	35.491
68.43	13.01	17.900	35.648
92.23	-53.74	2.152	34.016
88.84	-27.48	16.908	33.482
64.36	1.81	15.487	35.200
59.87	11.59	20.154	36.678
79.05	4.82	15.563	34.974
66.38	14.31	19.569	35.940
106.82	-53.26	1.781	33.987
75.08	5.67	15.573	35.120
108.04	-46.13	9.964	34.756
62.22	16.91	19.863	35.931
97.47	-1.77	15.423	35.108
78.08	-41.05	12.156	35.119
40.65	-51.28	0.962	34.015
127.00	-61.94	1.927	34.358
135.87	-40.83	10.826	34.899
141.12	-44.57	10.967	34.979
53.82	10.85	13.350	35.344
31.22	-36.12	17.996	35.582
129.46	-41.22	10.698	34.864
92.30	-16.72	22.090	36.106
78.58	-6.60	17.962	29.475
69.67	-1.04	18.632	35.277
111.58	-39.27	10.928	34.881
59.25	1.68	14.925	35.205
48.13	-22.75	18.903	35.446
104.89	-53.14	0.928	34.007
116.95	-40.79	10.756	34.825
66.83	17.95	19.113	35.912
79.41	-4.65	14.962	34.944
74.52	-4.77	18.340	35.209
75.95	-1.90	16.416	35.135
120.59	-53.49	3.473	34.069
68.52	-13.25	18.482	34.991
73.33	-18.58	21.268	35.601
127.60	-61.80	1.534	34.380
64.44	11.30	18.762	35.602
68.56	10.54	16.531	35.473
79.72	2.35	14.996	35.075
99.96	-36.12	14.313	35.590
115.78	-12.73	21.391	34.521
66.02	-12.47	20.353	35.225
89.74	-26.91	14.918	35.333
46.68	12.69	16.916	35.773
144.35	-48.43	8.755	34.520
84.60	4.16	14.742	35.137
97.29	-27.13	16.656	35.589
65.70	17.65	18.920	35.913
96.58	-64.50	-1.857	34.317
119.31	-63.07	1.530	34.641
71.31	-52.05	1.976	34.025
39.95	18.72	22.680	40.401
87.83	-18.15	22.067	35.164
63.69	-57.55	0.062	33.981
55.59	-53.82	0.521	33.925
106.24	-11.33	18.326	34.915
100.74	-17.71	21.022	35.311
104.18	-20.21	20.661	35.574
52.29	-18.71	22.907	35.260
133.94	-48.57	8.762	34.532
84.79	-38.88	11.981	35.062
97.91	-52.47	2.445	33.983
78.64	-23.59	20.770	35.705
40.99	-49.60	2.125	33.847
76.63	-13.22	15.879	35.053
100.56	-14.04	21.667	34.478
130.40	-34.92	13.677	35.378
133.54	-50.81	8.362	34.470
58.29	9.65	20.265	36.007
92.22	-9.43	18.609	34.500
98.32	-55.85	0.404	34.053
124.77	-49.25	8.884	34.603
85.87	14.48	15.770	35.286
89.05	12.82	16.389	35.608
122.23	-43.36	10.114	34.974
91.48	13.48	16.714	34.898
87.08	14.17	17.000	34.932
115.05	-37.60	13.359	35.323
92.27	-29.66	15.923	28.748
69.91	-15.65	20.055	35.313
86.04	-4.18	14.473	34.959
78.67	-63.32	1.032	34.551
111.12	-41.57	10.452	34.816
68.00	-9.94	15.538	35.025
30.35	-49.34	5.856	34.005
52.32	-15.29	21.851	35.047
109.38	-42.24	9.947	34.729
90.18	-11.74	20.105	34.492
60.14	-26.53	16.964	35.591
76.60	0.09	16.321	35.173
139.28	-47.93	9.083	34.586
66.01	12.85	18.921	35.819
124.97	-42.39	9.767	34.693
93.66	-45.74	8.074	34.409
117.16	-13.85	23.306	34.759
74.30	-33.59	12.936	35.211
