72.26	-22.68	7.205	34.495
96.87	-32.98	7.586	34.512
31.70	-30.36	8.478	34.642
68.55	-15.87	6.146	34.696
95.13	-35.77	8.605	34.597
137.70	-41.48	5.823	34.420
59.78	-29.88	8.972	34.662
71.36	-44.88	3.778	34.287
92.37	-16.80	6.455	35.557
60.45	3.87	8.931	34.235
101.45	-11.05	6.694	34.744
79.55	-4.52	7.255	34.853
73.91	-4.53	6.980	34.788
75.55	-1.47	8.208	34.997
44.39	-32.76	9.610	34.744
98.69	-35.18	5.877	34.427
89.62	-12.14	6.675	35.004
54.81	2.66	8.300	35.086
64.46	11.14	9.419	35.367
37.82	19.78	9999.000	9999.000
99.75	-3.31	7.200	34.851
87.87	-17.38	5.812	34.762
84.55	-17.81	6.341	34.635
53.64	-51.11	2.468	34.564
68.52	10.30	9.071	35.257
94.32	-13.64	6.561	34.703
97.99	-25.80	7.200	30.881
43.37	-25.32	6.298	34.506
121.67	-55.76	2.340	34.623
84.56	-16.08	6.255	34.698
129.02	-53.67	2.632	34.467
24.69	-39.01	8.895	34.735
74.80	1.51	8.141	35.035
37.62	-47.86	2.637	34.461
134.49	-44.78	7.126	34.458
70.75	-52.68	2.400	34.592
91.83	1.48	8.049	35.004
113.08	-20.02	5.573	34.620
117.74	-14.30	5.930	34.634
37.66	-22.57	7.592	34.670
49.76	-19.31	6.734	34.539
34.33	-26.25	6.866	34.688
127.83	-61.93	2.058	34.720
103.60	-35.45	7.979	34.539
37.83	19.95	9999.000	9999.000
61.03	-23.05	9.029	34.687
43.28	-37.49	10.871	34.902
110.58	-40.12	7.520	34.495
78.89	2.25	9999.000	9999.000
73.10	6.96	8.265	35.063
115.58	-37.37	8.770	34.611
126.69	-42.70	7.276	34.461
56.34	-40.49	8.258	34.585
65.42	-50.54	2.451	34.555
67.10	11.74	9.078	35.282
91.73	5.38	9999.000	9999.000
71.08	9.30	8.550	35.156
66.18	19.80	10.338	35.549
90.57	-50.72	2.650	34.436
59.22	16.30	10.705	35.582
53.73	-15.30	6.780	34.666
49.43	-39.75	6.876	34.475
141.44	-41.40	6.915	34.466
92.78	-53.64	2.473	34.605
90.73	-52.92	2.452	34.569
36.41	23.45	9999.000	9999.000
111.32	-34.76	4.621	34.373
43.00	-48.17	2.550	34.524
89.13	-19.78	6.239	34.524
140.06	-39.36	7.507	34.475
103.61	-49.59	2.448	34.672
29.74	-37.28	9.608	34.752
23.71	-43.55	4.416	34.378
86.03	14.27	7.830	35.273
87.13	14.15	7.890	34.976
91.48	13.55	8.204	34.981
89.12	12.93	7.809	35.662
67.13	-15.28	6.387	34.787
47.53	-30.09	8.667	34.669
131.51	-51.01	3.775	34.283
118.04	-47.56	4.550	34.275
141.00	-48.28	5.866	34.385
31.57	-46.53	2.637	34.332
109.44	-37.93	7.670	34.494
100.07	-26.77	6.971	34.478
79.55	-11.97	7.254	34.751
94.81	-27.70	7.025	34.469
85.94	-36.25	8.402	34.593
94.88	-53.98	2.280	34.627
99.03	-24.55	6.614	34.482
62.23	-0.58	7.920	35.041
41.61	-16.28	7.504	34.763
46.65	12.69	12.487	36.083
90.30	-27.05	7.404	34.496
70.05	-20.43	7.681	34.527
107.19	-7.82	6.680	34.756
96.22	-61.72	1.174	34.724
103.81	-37.34	6.862	34.445
59.32	-3.10	8.100	35.029
39.95	18.72	9999.000	9999.000
67.15	-52.68	2.439	34.574
86.99	-47.05	4.133	34.328
119.07	-13.97	5.746	34.612
97.11	-29.44	8.293	34.571
102.65	-24.48	6.845	34.495
56.14	-6.78	7.230	34.805
53.70	-56.16	1.913	34.718
82.42	16.01	8.174	34.986
82.01	-0.14	8.044	34.901
112.51	-32.41	6.407	35.752
93.05	-10.55	6.299	34.671
36.67	-36.42	10.454	34.840
34.05	-31.71	8.676	28.499
98.32	-45.38	4.042	34.298
42.48	-50.29	2.410	34.599
87.52	1.47	8.253	35.016
121.88	-43.61	7.426	34.485
69.06	6.47	8.704	35.153
118.47	-13.58	5.953	34.605
23.39	-50.46	2.294	34.632
140.83	-63.46	1.689	34.739
97.06	-38.38	7.112	34.467
28.88	-50.62	2.486	34.565
86.36	-2.54	7.865	34.955
138.32	-40.18	6.625	34.439
61.53	-14.72	6.562	34.746
72.69	3.59	8.192	35.085
91.75	5.35	9999.000	9999.000
142.14	-39.32	5.922	34.415
81.02	-46.86	2.553	34.446
134.92	-40.90	6.872	34.453
80.55	4.23	8.025	34.993
113.78	-37.35	8.158	25.057
97.47	-17.12	6.216	34.681
54.14	-34.06	8.873	34.663
67.77	14.36	9.688	35.412
82.53	0.10	8.000	35.037
86.21	-44.67	5.730	32.940
75.81	-41.08	7.346	34.503
91.53	-32.37	8.099	34.570
64.43	15.12	10.170	35.514
81.98	-45.06	4.206	34.325
43.04	-45.24	2.903	34.360
100.26	-55.16	2.078	34.699
87.07	3.87	8.064	35.008
96.40	-16.82	6.057	34.678
98.60	-56.04	2.112	34.730
142.25	-49.61	7.618	34.481
38.87	-45.08	2.918	34.390
47.94	-41.08	3.545	34.303
41.55	-2.33	8.073	34.985
133.76	-41.88	6.723	34.438
92.43	1.78	8.051	35.002
125.86	-40.88	7.497	34.518
89.58	18.60	8.246	34.986
45.80	2.30	9999.000	9999.000
120.29	-42.64	8.067	34.514
106.34	-31.36	6.617	34.447
79.73	2.46	8.338	35.053
93.27	-1.01	7.965	34.991
52.83	7.20	9.044	35.278
37.95	-27.50	8.221	34.634
81.61	1.36	8.218	35.012
94.17	-30.12	7.350	34.496
88.55	-19.75	6.514	34.505
98.60	-25.85	7.415	34.521
86.93	-18.36	5.947	34.560
38.61	-25.81	8.599	34.659
44.55	-57.71	1.709	34.725
94.68	4.46	7.809	35.035
101.87	-45.72	4.164	34.297
140.10	-61.45	2.066	34.718
89.53	-39.71	7.531	34.504
91.65	-40.43	8.094	34.560
45.06	-2.10	8.639	35.093
59.73	-7.01	7.127	34.823
86.37	-36.93	8.270	34.607
57.11	-12.60	6.703	34.723
66.27	-2.54	7.937	35.007
53.73	-9.09	7.003	34.826
38.67	-48.11	2.390	34.592
78.48	-16.87	6.125	34.679
115.56	-37.95	8.887	34.627
33.18	-29.79	9999.000	9999.000
115.33	-16.68	5.839	34.643
48.25	12.07	11.665	35.938
80.35	-1.10	8.087	35.016
91.84	5.36	9999.000	9999.000
53.22	-9.44	6.709	34.840
84.50	-1.24	7.747	35.004
54.52	-22.78	8.470	34.609
125.99	-56.18	2.406	34.612
42.58	-35.44	9.197	34.686
92.35	-15.80	6.408	34.688
58.29	24.42	9999.000	9999.000
32.65	-37.30	5.031	34.396
92.53	-53.56	2.485	34.613
69.18	11.21	8.758	35.245
132.04	-44.40	7.647	34.477
66.92	10.63	8.738	35.219
130.16	-35.33	7.126	34.476
117.03	-41.69	7.008	34.551
143.63	-45.08	7.581	34.494
131.08	-40.31	7.020	34.464
63.05	-6.34	6.908	34.788
116.73	-58.45	2.199	34.730
76.52	-15.92	6.082	34.686
110.44	-47.46	4.049	34.348
91.64	-23.01	5.708	34.440
73.57	-27.45	8.057	34.567
45.81	-40.53	9.796	34.731
70.82	-52.69	2.393	34.596
136.76	-54.56	2.650	34.490
118.99	-39.16	7.739	34.504
60.31	-37.29	9.152	34.687
68.13	12.48	9.712	35.383
39.06	-33.88	8.695	34.652
84.93	-53.83	2.212	34.767
86.31	-55.54	1.821	34.706
91.03	-49.24	3.404	34.282
96.92	-51.85	2.572	34.500
123.09	-49.80	3.873	34.294
103.69	-49.27	2.456	34.669
103.49	-17.76	6.074	34.644
59.79	8.13	9.636	36.111
96.59	-22.25	6.210	34.459
119.93	-14.17	5.893	34.610
98.48	-19.93	6.015	34.559
139.04	-47.91	7.892	34.496
91.55	-52.07	2.467	34.603
115.32	-15.23	6.053	34.628
86.11	-2.32	9999.000	9999.000
37.43	-24.35	8.103	34.716
56.76	3.19	8.551	35.174
106.77	-35.33	7.619	34.453
89.61	15.48	7.744	34.980
107.40	-14.82	5.900	34.646
33.30	-43.96	4.093	34.340
98.20	-6.41	7.102	34.825
68.19	-42.00	6.670	34.490
60.96	-17.33	7.434	34.708
41.08	-5.22	7.950	34.963
77.69	-55.85	1.984	0.025
91.83	1.29	8.159	35.005
109.24	-23.84	5.689	34.465
96.19	-40.70	7.814	34.534
62.55	0.18	8.225	35.044
36.51	23.41	9999.000	9999.000
110.11	-34.46	9999.000	9999.000
137.26	-41.97	6.313	34.419
86.44	-54.24	2.411	34.636
107.99	-64.29	0.314	34.663
91.93	5.31	9999.000	9999.000
130.46	-36.36	7.479	34.513
66.58	21.93	10.342	35.560
21.07	-38.74	8.727	34.567
74.83	0.59	8.179	34.991
86.39	-0.63	7.764	34.988
90.45	1.67	8.061	34.994
79.15	-28.17	8.375	34.600
84.15	-31.33	8.154	30.617
75.89	-58.23	1.567	34.742
100.19	-28.56	5.212	34.379
129.50	-57.98	2.321	34.656
66.40	14.36	9.697	35.413
98.51	-7.61	6.755	34.774
82.90	-27.88	8.305	34.568
84.68	3.61	7.890	35.002
84.98	-10.08	6.451	34.669
139.22	-38.15	6.684	34.447
80.24	-42.72	6.406	34.422
110.53	-35.60	7.005	34.472
50.30	-38.21	9.376	34.702
61.89	22.30	9.892	35.512
117.48	-11.65	9999.000	9999.000
26.12	-45.21	3.648	34.359
36.50	-30.06	10.300	34.835
38.20	-31.00	9.533	34.768
100.45	-8.63	6.711	34.737
70.80	-12.51	6.310	34.729
82.14	11.70	9999.000	9999.000
67.74	-66.26	0.445	34.665
65.62	-54.82	2.396	34.633
35.58	-49.66	2.232	34.665
121.59	-39.24	7.223	28.191
144.38	-61.89	1.800	34.731
55.84	-29.43	9.035	34.683
99.64	-39.11	8.182	34.562
98.47	-55.92	2.127	34.735
105.71	-35.20	7.848	34.523
110.34	-17.56	6.007	34.637
29.79	-39.68	8.836	34.642
20.80	-35.92	9999.000	9999.000
85.50	-1.17	7.680	34.990
50.64	-17.68	6.222	34.608
48.42	12.06	11.818	36.060
43.59	-37.52	10.795	34.890
114.33	-42.73	8.272	34.560
113.96	-55.73	2.360	34.633
111.46	-32.47	4.717	34.392
110.11	-34.46	9999.000	9999.000
50.64	-41.11	5.595	34.403
113.29	-44.61	7.110	34.494
82.10	-0.82	7.982	35.002
69.14	18.21	10.160	0.000
108.90	-15.07	6.117	32.276
66.67	-61.09	1.990	34.719
84.43	-3.95	7.371	34.858
65.91	11.18	9.285	35.311
91.22	-52.59	2.429	34.573
22.76	-43.62	3.901	34.361
86.87	-41.44	8.561	38.096
115.59	-15.77	5.886	34.635
33.14	-65.60	0.713	34.696
88.41	4.09	8.071	35.008
49.06	-5.26	7.556	34.922
38.05	-51.85	2.253	34.677
139.66	-41.19	7.499	34.483
71.42	10.40	8.846	35.183
131.91	-51.29	3.503	34.270
143.37	-47.64	7.226	34.461
73.34	-35.10	8.960	34.691
86.35	-59.62	1.232	34.728
56.30	-35.75	11.576	35.045
117.48	-11.65	5.981	34.599
22.24	-49.02	2.457	34.585
140.68	-47.98	5.975	34.394
64.96	8.04	8.344	35.136
144.69	-52.60	2.494	34.559
27.97	-33.43	6.226	34.592
70.38	-7.95	7.314	34.806
66.29	-11.18	6.779	34.751
51.51	1.00	8.164	35.066
120.62	-35.82	6.857	34.463
67.65	17.34	10.371	35.529
68.01	17.43	9999.000	9999.000
99.93	-27.92	6.447	34.412
69.06	15.48	9999.000	9999.000
65.73	21.80	9999.000	9999.000
87.67	1.36	7.894	34.998
76.79	-27.11	7.874	34.552
108.89	-21.14	5.546	34.572
69.69	17.33	9999.000	9999.000
91.98	5.25	9999.000	9999.000
77.26	-31.01	8.336	34.598
69.36	18.91	9999.000	9999.000
108.45	-32.60	7.122	34.460
106.22	-11.96	5.942	34.629
66.26	9.70	8.745	35.214
72.23	14.34	9999.000	9999.000
78.09	-11.18	6.864	34.707
133.19	-36.15	7.206	34.473
58.81	2.75	8.575	35.223
132.89	-59.68	2.245	34.677
93.43	-41.18	8.083	34.556
70.35	-40.70	8.566	34.612
92.50	-50.62	2.600	34.473
85.56	-18.91	6.332	34.525
74.15	-21.50	7.577	34.541
106.88	-11.71	5.822	34.648
76.32	-22.39	7.277	34.508
133.88	-39.97	8.088	34.534
60.32	3.84	9.069	35.222
76.54	-20.60	4.852	34.522
81.26	-0.03	7.957	34.986
65.69	-5.18	7.313	34.838
39.42	-35.66	8.822	34.686
51.24	-1.06	8.126	35.050
61.76	15.37	10.454	35.553
48.59	-36.65	10.234	34.816
31.32	-48.19	3.093	34.283
62.67	11.17	8.987	35.277
100.06	-30.30	7.178	34.486
141.23	-49.12	6.811	34.438
137.11	-61.94	1.981	34.752
40.48	-19.82	7.329	34.706
102.96	-38.11	9.041	34.648
101.88	-39.86	5.012	34.367
106.53	-60.07	1.875	34.725
44.51	-35.15	8.793	34.674
41.86	-41.47	5.496	34.377
60.29	-0.19	8.054	35.055
84.82	-54.34	2.238	34.780
86.21	-55.74	2.050	34.707
98.11	-12.06	6.233	34.638
111.70	-45.68	6.093	34.508
37.42	-32.17	9.899	34.806
78.93	-21.25	6.626	34.486
51.48	-24.54	9.186	34.701
78.22	-25.54	8.609	34.602
70.60	17.45	10.292	35.563
104.17	-6.77	6.765	34.759
118.90	-42.14	7.875	34.513
37.82	19.77	9999.000	9999.000
82.18	-13.56	6.539	34.699
68.22	-37.80	10.165	34.792
75.98	-41.23	7.427	34.508
22.72	-40.53	3.953	34.442
82.17	-16.50	6.715	34.732
65.76	11.92	9.034	35.256
118.18	-51.41	2.435	34.620
66.08	19.82	10.414	35.559
44.41	-30.46	8.899	30.706
92.32	-53.61	2.488	34.624
31.17	-41.78	4.324	34.367
94.44	-20.83	6.267	34.572
93.92	-63.91	0.928	34.717
70.05	-36.80	10.083	34.784
74.96	-8.99	7.346	34.784
104.25	-49.24	2.446	34.670
82.72	13.25	8.200	34.998
115.82	-12.89	5.999	34.610
108.34	-44.66	7.472	34.489
59.77	-37.82	9.661	34.733
141.57	-47.88	4.960	34.396
124.51	-41.84	7.658	34.497
83.80	-53.01	1.962	34.723
63.89	15.43	9999.000	9999.000
73.93	-6.95	6.985	34.787
70.83	-52.67	2.391	34.589
97.28	-9.97	6.094	34.683
37.83	19.95	9999.000	9999.000
84.87	-12.61	6.661	34.695
85.59	5.12	7.985	34.997
66.83	10.48	9.033	35.266
68.43	13.01	9.349	35.347
92.23	-53.74	2.500	34.613
88.84	-27.48	7.108	33.366
64.36	1.81	8.555	35.067
59.87	11.59	8.842	36.065
79.05	4.82	8.205	35.005
66.38	14.31	9.891	35.467
106.82	-53.26	2.372	34.626
75.08	5.67	7.996	35.021
108.04	-46.13	7.497	34.493
62.22	16.91	10.200	35.492
97.47	-1.77	7.715	34.999
78.08	-41.05	7.461	34.513
40.65	-51.28	2.027	34.715
127.00	-61.94	2.025	34.728
135.87	-40.83	6.697	34.442
141.12	-44.57	6.627	34.445
53.82	10.85	9.727	35.411
31.22	-36.12	10.852	34.854
129.46	-41.22	7.128	34.479
92.30	-16.72	6.484	35.540
78.58	-6.60	6.922	29.475
69.67	-1.04	7.899	34.988
111.58	-39.27	7.800	34.516
59.25	1.68	8.156	35.052
48.13	-22.75	6.587	34.504
104.89	-53.14	2.181	34.662
116.95	-40.79	7.360	34.480
66.83	17.95	10.230	35.498
79.41	-4.65	7.174	34.828
74.52	-4.77	7.317	34.825
75.95	-1.90	8.089	34.956
120.59	-53.49	2.603	34.604
68.52	-13.25	6.371	34.733
73.33	-18.58	6.135	34.542
127.60	-61.80	1.850	34.734
64.44	11.30	9.214	35.333
68.56	10.54	9.111	35.265
79.72	2.35	9999.000	9999.000
99.96	-36.12	5.431	34.392
115.78	-12.73	6.075	34.618
66.02	-12.47	6.597	34.732
89.74	-26.91	6.813	34.312
46.68	12.69	12.241	36.011
144.35	-48.43	5.663	34.359
84.60	4.16	7.807	35.069
97.29	-27.13	5.135	34.405
65.70	17.65	9.840	35.524
96.58	-64.50	0.261	34.634
119.31	-63.07	1.339	34.737
71.31	-52.05	9999.000	9999.000
39.95	18.72	9999.000	9999.000
87.83	-18.15	6.281	34.650
63.69	-57.55	2.181	34.707
55.59	-53.82	2.226	34.667
106.24	-11.33	6.009	34.625
100.74	-17.71	6.163	34.659
104.18	-20.21	5.867	34.524
52.29	-18.71	7.038	34.560
133.94	-48.57	5.431	34.324
84.79	-38.88	7.906	34.540
97.91	-52.47	2.493	34.565
78.64	-23.59	7.616	34.527
40.99	-49.60	2.465	34.546
76.63	-13.22	6.874	34.729
100.56	-14.04	6.351	34.667
130.40	-34.92	6.799	34.458
133.54	-50.81	3.914	34.274
58.29	9.65	9.451	35.810
92.22	-9.43	6.648	34.755
98.32	-55.85	2.123	34.733
124.77	-49.25	4.460	34.329
85.87	14.48	7.847	35.277
89.05	12.82	7.763	35.695
122.23	-43.36	7.179	34.678
91.48	13.48	8.190	34.981
87.08	14.17	7.910	34.977
115.05	-37.60	8.832	34.619
92.27	-29.66	7.774	27.929
69.91	-15.65	5.914	34.683
86.04	-4.18	7.349	34.852
78.67	-63.32	1.232	34.722
111.12	-41.57	7.941	34.526
68.00	-9.94	7.101	34.759
30.35	-49.34	3.222	34.281
52.32	-15.29	6.380	34.611
109.38	-42.24	7.399	34.479
90.18	-11.74	6.464	34.676
60.14	-26.53	8.541	34.619
76.60	0.09	7.870	35.018
139.28	-47.93	7.772	34.489
66.01	12.85	9.619	35.409
124.97	-42.39	7.557	34.480
93.66	-45.74	4.079	34.291
117.16	-13.85	5.852	34.614
74.30	-33.59	8.301	34.603
