72.26	-22.68	17.765	35.723
96.87	-32.98	12.434	35.168
31.70	-30.36	17.656	35.623
68.55	-15.87	19.620	35.695
95.13	-35.77	12.006	35.037
137.70	-41.48	11.264	35.009
59.78	-29.88	15.904	35.532
71.36	-44.88	9.548	34.572
92.37	-16.80	20.490	36.205
60.45	3.87	12.633	35.135
101.45	-11.05	14.852	34.583
79.55	-4.52	12.835	34.977
73.91	-4.53	15.309	35.124
75.55	-1.47	13.638	35.114
44.39	-32.76	15.735	35.502
98.69	-35.18	13.094	35.289
89.62	-12.14	16.647	35.410
54.81	2.66	14.210	35.198
64.46	11.14	15.807	35.693
37.82	19.78	22.176	40.466
99.75	-3.31	13.300	35.089
87.87	-17.38	17.289	35.228
84.55	-17.81	19.330	35.639
53.64	-51.11	1.738	33.866
68.52	10.30	14.262	35.373
94.32	-13.64	16.154	35.012
97.99	-25.80	16.471	32.033
43.37	-25.32	17.627	35.516
121.67	-55.76	2.465	34.124
84.56	-16.08	20.289	35.717
129.02	-53.67	2.977	33.960
24.69	-39.01	16.812	35.574
74.80	1.51	13.774	35.153
37.62	-47.86	2.543	33.898
134.49	-44.78	9.114	34.565
70.75	-52.68	1.144	33.901
91.83	1.48	13.745	35.101
113.08	-20.02	17.777	35.703
117.74	-14.30	17.456	34.684
37.66	-22.57	17.622	35.329
49.76	-19.31	21.401	35.363
34.33	-26.25	15.713	35.341
127.83	-61.93	2.055	34.399
103.60	-35.45	12.734	35.246
37.83	19.95	22.084	40.536
61.03	-23.05	19.903	35.686
43.28	-37.49	16.756	35.589
110.58	-40.12	10.135	34.745
78.89	2.25	9999.000	9999.000
73.10	6.96	13.922	35.118
115.58	-37.37	13.339	35.319
126.69	-42.70	9.724	34.693
56.34	-40.49	13.175	35.158
65.42	-50.54	1.937	33.851
67.10	11.74	15.470	35.521
91.73	5.38	13.347	34.973
71.08	9.30	14.029	35.263
66.18	19.80	17.429	35.980
90.57	-50.72	3.131	33.912
59.22	16.30	17.047	35.869
53.73	-15.30	20.499	35.462
49.43	-39.75	12.900	35.114
141.44	-41.40	11.522	35.101
92.78	-53.64	1.945	34.031
90.73	-52.92	1.863	34.025
36.41	23.45	22.212	40.474
111.32	-34.76	13.122	35.249
43.00	-48.17	2.547	33.862
89.13	-19.78	19.748	35.844
140.06	-39.36	13.200	35.417
103.61	-49.59	3.300	34.012
29.74	-37.28	16.883	35.555
23.71	-43.55	11.508	34.909
86.03	14.27	13.558	35.303
87.13	14.15	14.092	34.982
91.48	13.55	13.741	34.978
89.12	12.93	13.257	35.673
67.13	-15.28	19.269	35.635
47.53	-30.09	14.808	35.450
131.51	-51.01	7.853	34.433
118.04	-47.56	8.279	34.495
141.00	-48.28	9.268	34.657
31.57	-46.53	4.438	33.981
109.44	-37.93	10.342	34.761
100.07	-26.77	16.693	35.768
79.55	-11.97	14.758	34.762
94.81	-27.70	15.264	35.545
85.94	-36.25	12.313	35.085
94.88	-53.98	1.571	33.976
99.03	-24.55	18.150	35.867
62.23	-0.58	14.122	35.166
41.61	-16.28	22.326	35.152
46.65	12.69	14.860	35.487
90.30	-27.05	14.519	35.455
70.05	-20.43	21.006	35.639
107.19	-7.82	12.747	34.691
96.22	-61.72	1.115	34.631
103.81	-37.34	10.899	34.887
59.32	-3.10	14.285	35.172
39.95	18.72	22.174	40.497
67.15	-52.68	1.576	33.864
86.99	-47.05	9.145	34.570
119.07	-13.97	18.432	35.008
97.11	-29.44	16.540	35.789
102.65	-24.48	18.650	35.891
56.14	-6.78	12.305	35.008
53.70	-56.16	1.427	34.332
82.42	16.01	13.622	34.992
82.01	-0.14	13.368	35.031
112.51	-32.41	13.358	36.581
93.05	-10.55	16.221	34.579
36.67	-36.42	16.887	35.598
34.05	-31.71	17.157	29.123
98.32	-45.38	7.882	34.415
42.48	-50.29	2.237	34.052
87.52	1.47	13.338	35.116
121.88	-43.61	9.731	34.694
69.06	6.47	13.552	35.209
118.47	-13.58	18.938	34.876
23.39	-50.46	1.183	34.025
140.83	-63.46	1.939	34.622
97.06	-38.38	11.631	35.007
28.88	-50.62	2.072	33.969
86.36	-2.54	12.953	35.092
138.32	-40.18	11.385	35.032
61.53	-14.72	18.845	35.471
72.69	3.59	13.128	35.183
91.75	5.35	12.994	35.011
142.14	-39.32	11.677	35.106
81.02	-46.86	3.222	33.834
134.92	-40.90	11.434	35.023
80.55	4.23	12.976	35.069
113.78	-37.35	11.558	24.197
97.47	-17.12	19.451	35.562
54.14	-34.06	14.494	35.403
67.77	14.36	16.980	35.783
82.53	0.10	13.701	35.168
86.21	-44.67	9.669	32.959
75.81	-41.08	12.398	35.163
91.53	-32.37	13.690	35.267
64.43	15.12	17.741	35.808
81.98	-45.06	10.186	34.764
43.04	-45.24	4.948	34.009
100.26	-55.16	1.386	34.190
87.07	3.87	13.239	35.043
96.40	-16.82	19.583	35.648
98.60	-56.04	1.751	34.327
142.25	-49.61	8.871	34.588
38.87	-45.08	5.066	34.148
47.94	-41.08	7.078	34.128
41.55	-2.33	12.370	35.074
133.76	-41.88	10.474	34.862
92.43	1.78	13.486	35.104
125.86	-40.88	10.254	34.796
89.58	18.60	13.466	34.983
45.80	2.30	9999.000	9999.000
120.29	-42.64	10.073	34.714
106.34	-31.36	12.474	35.182
79.73	2.46	13.233	35.153
93.27	-1.01	14.003	35.115
52.83	7.20	16.681	35.569
37.95	-27.50	16.695	35.573
81.61	1.36	13.279	35.118
94.17	-30.12	13.099	35.249
88.55	-19.75	19.594	35.659
98.60	-25.85	18.511	35.835
86.93	-18.36	19.186	35.202
38.61	-25.81	17.479	35.611
44.55	-57.71	1.490	34.439
94.68	4.46	12.941	35.057
101.87	-45.72	8.786	34.552
140.10	-61.45	2.119	34.464
89.53	-39.71	11.239	34.942
91.65	-40.43	11.309	34.950
45.06	-2.10	15.194	35.285
59.73	-7.01	13.136	35.090
86.37	-36.93	11.773	35.062
57.11	-12.60	17.627	35.483
66.27	-2.54	14.951	35.180
53.73	-9.09	13.353	35.120
38.67	-48.11	1.973	33.949
78.48	-16.87	17.517	35.535
115.56	-37.95	13.337	35.315
33.18	-29.79	9999.000	9999.000
115.33	-16.68	18.942	34.909
48.25	12.07	14.872	35.866
80.35	-1.10	13.034	35.126
91.84	5.36	13.031	35.005
53.22	-9.44	13.912	35.165
84.50	-1.24	12.730	35.124
54.52	-22.78	20.200	35.559
125.99	-56.18	1.222	33.930
42.58	-35.44	14.858	35.417
92.35	-15.80	20.348	35.602
58.29	24.42	9999.000	9999.000
32.65	-37.30	12.025	34.996
92.53	-53.56	1.981	34.041
69.18	11.21	14.743	35.542
132.04	-44.40	9.806	34.704
66.92	10.63	15.195	35.542
130.16	-35.33	12.985	35.295
117.03	-41.69	9.698	34.767
143.63	-45.08	11.184	35.046
131.08	-40.31	10.400	34.824
63.05	-6.34	12.435	35.052
116.73	-58.45	1.042	34.080
76.52	-15.92	19.307	35.661
110.44	-47.46	9.099	34.646
91.64	-23.01	16.817	35.696
73.57	-27.45	15.013	35.451
45.81	-40.53	16.224	35.544
70.82	-52.69	1.146	33.903
136.76	-54.56	3.458	34.019
118.99	-39.16	10.573	34.803
60.31	-37.29	13.634	35.350
68.13	12.48	15.253	35.424
39.06	-33.88	15.820	35.497
84.93	-53.83	0.576	34.110
86.31	-55.54	0.196	34.161
91.03	-49.24	5.561	33.988
96.92	-51.85	3.065	34.044
123.09	-49.80	7.052	34.295
103.69	-49.27	3.254	33.993
103.49	-17.76	17.020	34.966
59.79	8.13	15.855	35.954
96.59	-22.25	17.381	35.767
119.93	-14.17	16.093	34.733
98.48	-19.93	19.037	35.617
139.04	-47.91	9.098	34.584
91.55	-52.07	1.730	34.004
115.32	-15.23	17.061	34.618
86.11	-2.32	9999.000	9999.000
37.43	-24.35	17.204	35.409
56.76	3.19	13.905	35.263
106.77	-35.33	12.583	35.150
89.61	15.48	14.062	34.982
107.40	-14.82	17.135	35.361
33.30	-43.96	9.712	34.622
98.20	-6.41	12.748	34.758
68.19	-42.00	12.962	35.180
60.96	-17.33	20.091	35.446
41.08	-5.22	11.949	35.045
77.69	-55.85	0.775	0.009
91.83	1.29	12.948	35.097
109.24	-23.84	18.918	35.615
96.19	-40.70	10.853	34.887
62.55	0.18	13.510	35.154
36.51	23.41	22.168	40.473
110.11	-34.46	12.326	35.132
137.26	-41.97	11.060	34.962
86.44	-54.24	2.555	34.156
107.99	-64.29	-1.855	34.347
91.93	5.31	12.732	35.016
130.46	-36.36	13.537	35.432
66.58	21.93	18.205	36.276
21.07	-38.74	17.264	35.573
74.83	0.59	14.013	35.115
86.39	-0.63	12.892	35.100
90.45	1.67	13.220	35.103
79.15	-28.17	16.740	35.760
84.15	-31.33	12.940	30.941
75.89	-58.23	1.580	34.564
100.19	-28.56	13.636	35.353
129.50	-57.98	1.348	34.095
66.40	14.36	17.207	35.814
98.51	-7.61	12.491	34.709
82.90	-27.88	16.431	35.646
84.68	3.61	13.382	35.062
84.98	-10.08	15.775	34.778
139.22	-38.15	12.877	35.347
80.24	-42.72	11.345	34.998
110.53	-35.60	11.212	34.921
50.30	-38.21	14.643	35.425
61.89	22.30	16.641	36.304
117.48	-11.65	14.396	34.553
26.12	-45.21	6.629	34.139
36.50	-30.06	18.815	35.612
38.20	-31.00	17.157	35.620
100.45	-8.63	12.062	34.716
70.80	-12.51	14.353	35.146
82.14	11.70	9999.000	9999.000
67.74	-66.26	-1.475	34.317
65.62	-54.82	1.347	33.945
35.58	-49.66	1.361	34.045
121.59	-39.24	10.406	28.424
144.38	-61.89	1.823	34.580
55.84	-29.43	16.097	35.559
99.64	-39.11	10.881	34.894
98.47	-55.92	1.390	34.248
105.71	-35.20	13.100	35.325
110.34	-17.56	18.178	35.756
29.79	-39.68	16.576	35.544
20.80	-35.92	9999.000	9999.000
85.50	-1.17	12.934	35.103
50.64	-17.68	20.209	35.494
48.42	12.06	14.302	35.734
43.59	-37.52	16.284	35.560
114.33	-42.73	9.704	34.683
113.96	-55.73	2.172	33.982
111.46	-32.47	13.811	35.363
110.11	-34.46	12.269	35.120
50.64	-41.11	12.543	35.076
113.29	-44.61	9.809	34.725
82.10	-0.82	4.120	14.060
69.14	18.21	15.889	0.000
108.90	-15.07	16.956	32.111
66.67	-61.09	1.834	34.406
84.43	-3.95	12.774	35.058
65.91	11.18	14.570	35.307
91.22	-52.59	1.836	34.012
22.76	-43.62	6.987	34.100
86.87	-41.44	11.339	36.494
115.59	-15.77	16.834	34.601
33.14	-65.60	-1.495	34.390
88.41	4.09	12.858	35.054
49.06	-5.26	12.547	35.056
38.05	-51.85	1.503	34.091
139.66	-41.19	12.743	35.341
71.42	10.40	14.113	35.244
131.91	-51.29	7.360	34.340
143.37	-47.64	9.377	34.647
73.34	-35.10	13.363	35.278
86.35	-59.62	1.034	34.606
56.30	-35.75	14.575	35.502
117.48	-11.65	14.347	34.553
22.24	-49.02	1.556	33.969
140.68	-47.98	9.175	34.629
64.96	8.04	13.466	35.232
144.69	-52.60	2.797	33.957
27.97	-33.43	15.051	35.444
70.38	-7.95	13.752	35.104
66.29	-11.18	14.627	34.653
51.51	1.00	13.670	35.164
120.62	-35.82	12.196	35.081
67.65	17.34	16.268	35.750
68.01	17.43	9999.000	9999.000
99.93	-27.92	13.257	35.289
69.06	15.48	9999.000	9999.000
65.73	21.80	9999.000	9999.000
87.67	1.36	13.301	35.126
76.79	-27.11	15.115	35.512
108.89	-21.14	17.350	35.738
69.69	17.33	9999.000	9999.000
91.98	5.25	13.657	34.970
77.26	-31.01	14.432	35.406
69.36	18.91	9999.000	9999.000
108.45	-32.60	13.154	35.265
106.22	-11.96	14.464	34.796
66.26	9.70	14.085	35.326
72.23	14.34	9999.000	9999.000
78.09	-11.18	14.532	34.700
133.19	-36.15	12.704	35.205
58.81	2.75	3.908	14.120
132.89	-59.68	1.666	34.189
93.43	-41.18	11.335	34.925
70.35	-40.70	12.871	35.220
92.50	-50.62	3.790	34.057
85.56	-18.91	19.846	35.731
74.15	-21.50	20.376	35.749
106.88	-11.71	15.108	34.789
76.32	-22.39	19.513	35.765
133.88	-39.97	11.642	35.108
60.32	3.84	12.475	35.125
76.54	-20.60	18.297	35.778
81.26	-0.03	13.299	35.109
65.69	-5.18	13.584	35.133
39.42	-35.66	15.778	35.520
51.24	-1.06	14.257	35.186
61.76	15.37	18.156	35.844
48.59	-36.65	16.223	35.553
31.32	-48.19	5.912	34.048
62.67	11.17	16.755	35.709
100.06	-30.30	15.827	35.744
141.23	-49.12	8.857	34.551
137.11	-61.94	2.141	34.520
40.48	-19.82	15.415	35.249
102.96	-38.11	12.375	35.254
101.88	-39.86	11.913	35.153
106.53	-60.07	1.805	34.410
44.51	-35.15	14.301	35.327
41.86	-41.47	12.220	35.023
60.29	-0.19	13.846	35.160
84.82	-54.34	1.602	34.258
86.21	-55.74	1.030	34.175
98.11	-12.06	15.100	34.719
111.70	-45.68	9.765	34.835
37.42	-32.17	15.243	35.024
78.93	-21.25	20.174	35.720
51.48	-24.54	23.199	35.221
78.22	-25.54	20.007	35.733
70.60	17.45	15.730	35.431
104.17	-6.77	12.536	34.830
118.90	-42.14	10.284	34.757
37.82	19.77	22.161	40.469
82.18	-13.56	15.173	35.157
68.22	-37.80	13.302	35.284
75.98	-41.23	12.406	35.152
22.72	-40.53	10.930	34.907
82.17	-16.50	19.226	35.436
65.76	11.92	15.960	35.661
118.18	-51.41	1.563	33.978
66.08	19.82	17.430	35.960
44.41	-30.46	15.475	31.505
92.32	-53.61	2.353	34.072
31.17	-41.78	10.568	34.770
94.44	-20.83	18.517	35.569
93.92	-63.91	0.547	34.606
70.05	-36.80	13.200	35.267
74.96	-8.99	14.969	35.101
104.25	-49.24	3.249	33.987
82.72	13.25	13.331	35.026
115.82	-12.89	15.657	34.518
108.34	-44.66	9.974	34.750
59.77	-37.82	13.713	35.352
141.57	-47.88	9.384	34.669
124.51	-41.84	9.958	34.697
83.80	-53.01	1.098	34.360
63.89	15.43	9999.000	9999.000
73.93	-6.95	15.824	35.149
70.83	-52.67	1.143	33.901
97.28	-9.97	12.945	34.613
37.83	19.95	22.159	40.518
84.87	-12.61	14.605	34.774
85.59	5.12	13.318	35.073
66.83	10.48	15.114	35.552
68.43	13.01	15.483	35.592
92.23	-53.74	2.081	34.031
88.84	-27.48	14.760	33.463
64.36	1.81	13.048	35.119
59.87	11.59	15.560	36.257
79.05	4.82	12.983	35.105
66.38	14.31	16.907	35.872
106.82	-53.26	1.564	34.020
75.08	5.67	13.986	35.148
108.04	-46.13	9.995	34.763
62.22	16.91	16.929	35.712
97.47	-1.77	13.146	35.131
78.08	-41.05	11.954	35.098
40.65	-51.28	1.259	34.167
127.00	-61.94	2.152	34.448
135.87	-40.83	10.770	34.906
141.12	-44.57	10.944	34.976
53.82	10.85	12.712	35.308
31.22	-36.12	17.724	35.585
129.46	-41.22	10.138	34.784
92.30	-16.72	20.275	36.298
78.58	-6.60	14.457	29.445
69.67	-1.04	13.580	35.145
111.58	-39.27	10.500	34.801
59.25	1.68	13.262	35.128
48.13	-22.75	17.165	35.422
104.89	-53.14	1.511	34.136
116.95	-40.79	10.458	34.778
66.83	17.95	17.256	36.019
79.41	-4.65	12.863	34.971
74.52	-4.77	15.686	35.130
75.95	-1.90	13.494	35.131
120.59	-53.49	3.112	34.068
68.52	-13.25	16.220	35.010
73.33	-18.58	19.604	35.762
127.60	-61.80	1.893	34.493
64.44	11.30	15.998	35.636
68.56	10.54	14.300	35.360
79.72	2.35	13.398	35.124
99.96	-36.12	14.188	35.568
115.78	-12.73	15.245	34.490
66.02	-12.47	17.628	35.316
89.74	-26.91	13.860	35.206
46.68	12.69	15.648	35.703
144.35	-48.43	8.777	34.526
84.60	4.16	13.327	35.198
97.29	-27.13	14.988	35.351
65.70	17.65	17.096	36.108
96.58	-64.50	-1.845	34.324
119.31	-63.07	1.615	34.673
71.31	-52.05	2.019	34.057
39.95	18.72	22.163	40.500
87.83	-18.15	19.756	34.967
63.69	-57.55	0.685	34.105
55.59	-53.82	0.368	33.920
106.24	-11.33	14.012	34.728
100.74	-17.71	17.979	35.056
104.18	-20.21	19.215	35.625
52.29	-18.71	20.939	35.424
133.94	-48.57	8.379	34.471
84.79	-38.88	11.906	35.053
97.91	-52.47	2.188	34.004
78.64	-23.59	18.919	35.790
40.99	-49.60	2.066	33.923
76.63	-13.22	14.142	35.019
100.56	-14.04	17.029	34.531
130.40	-34.92	12.461	35.139
133.54	-50.81	7.749	34.393
58.29	9.65	16.943	36.148
92.22	-9.43	14.259	34.593
98.32	-55.85	0.920	34.168
124.77	-49.25	8.635	34.564
85.87	14.48	13.384	35.321
89.05	12.82	13.154	35.703
122.23	-43.36	9.920	34.952
91.48	13.48	13.688	34.974
87.08	14.17	14.252	34.974
115.05	-37.60	13.188	35.290
92.27	-29.66	14.635	28.604
69.91	-15.65	17.950	35.297
86.04	-4.18	12.794	35.064
78.67	-63.32	1.520	34.633
111.12	-41.57	10.327	34.798
68.00	-9.94	13.493	34.984
30.35	-49.34	5.829	34.007
52.32	-15.29	18.302	35.147
109.38	-42.24	9.807	34.724
90.18	-11.74	16.745	34.967
60.14	-26.53	15.505	35.501
76.60	0.09	13.503	35.140
139.28	-47.93	9.054	34.582
66.01	12.85	16.333	35.653
124.97	-42.39	9.699	34.695
93.66	-45.74	8.128	34.421
117.16	-13.85	17.799	34.526
74.30	-33.59	12.721	35.183
