94.36	-41.52	11.892	34.941
115.38	-16.10	27.597	34.313
90.78	8.82	28.882	33.171
57.55	9.89	27.757	35.605
62.58	11.38	28.958	36.411
40.40	-32.67	19.110	35.638
78.52	-33.77	17.652	35.575
110.26	-31.46	16.296	35.698
56.24	16.43	24.754	35.547
135.11	-49.48	6.486	34.077
93.94	-51.25	2.643	33.960
70.10	-51.78	1.992	33.891
95.38	-39.53	12.396	34.948
61.34	-5.39	28.878	35.266
51.70	-56.95	-0.176	33.959
84.25	-18.04	25.936	35.034
72.22	-23.05	23.858	35.518
42.38	-19.46	25.795	35.189
137.46	-42.43	11.285	34.766
97.76	-1.68	28.728	33.621
85.56	13.91	0.349	1.279
102.30	-24.63	20.810	35.489
107.56	-44.58	10.077	34.745
96.59	-28.71	18.855	35.943
92.65	5.33	28.852	33.055
84.75	-37.66	13.928	35.142
68.58	-10.44	28.307	34.736
53.11	-31.31	20.674	35.624
82.73	-7.58	27.859	34.378
81.52	-0.05	28.557	35.205
83.16	16.41	28.796	31.623
72.43	-15.42	25.970	34.933
34.08	-29.21	22.624	35.379
66.22	-10.11	28.112	34.779
83.02	-0.62	28.258	35.319
59.48	-3.75	27.885	35.341
68.67	6.23	29.520	36.314
78.69	-20.64	24.232	35.161
33.02	-36.63	18.647	35.617
46.88	12.35	23.356	35.558
102.11	-31.43	16.895	35.792
89.06	-18.64	23.996	34.978
69.82	13.22	29.639	36.692
89.25	-8.34	26.962	34.290
43.12	-52.90	1.034	34.004
63.08	23.82	9999.000	9999.000
64.15	-12.68	27.467	28.743
109.75	-9.97	27.986	34.441
96.46	-45.91	6.331	34.112
98.24	-54.51	1.683	33.986
112.28	-45.06	10.366	34.752
122.94	-48.83	7.501	34.313
86.08	-51.40	1.325	33.986
49.81	-29.79	21.170	35.530
50.37	-19.42	25.710	35.152
122.09	-64.00	-1.261	34.175
70.95	-52.72	1.683	33.879
77.62	-41.41	12.554	35.065
61.47	-5.26	28.872	35.364
97.61	-52.09	3.120	33.955
65.84	19.74	28.522	36.719
94.02	-54.89	2.471	34.005
106.34	-15.87	26.539	34.420
99.69	-17.78	24.259	34.624
117.01	-40.04	12.005	34.956
55.91	-20.05	25.145	35.065
88.86	-57.66	1.355	33.975
104.33	-49.44	3.777	33.967
134.46	-40.84	12.027	34.991
77.35	-20.12	24.755	35.116
80.97	-52.95	0.983	33.969
109.15	-44.98	10.122	34.775
104.38	-21.41	22.340	34.953
74.56	-45.70	10.995	34.732
110.58	-41.68	10.741	34.754
104.94	-31.49	16.611	35.807
96.06	-19.18	24.232	34.722
89.25	18.42	28.622	32.301
59.13	12.03	28.223	36.814
107.92	-52.83	2.122	33.966
44.25	-10.57	27.210	35.182
56.99	17.50	25.601	35.672
71.30	0.05	28.695	35.584
93.80	-32.42	17.780	35.961
110.38	-31.49	16.527	35.712
92.66	5.34	28.870	33.188
72.55	-21.80	24.774	35.138
122.55	-52.24	4.126	34.006
69.17	-3.61	28.506	34.927
64.92	4.07	28.791	35.966
56.46	-20.52	24.742	35.142
59.17	3.19	28.789	35.969
71.58	10.23	29.786	36.507
52.04	-40.34	16.402	35.612
53.40	-10.33	26.859	31.260
76.75	-8.91	28.629	34.710
31.11	-31.08	22.075	35.420
111.83	-31.64	19.102	35.723
78.17	-10.78	27.638	34.800
75.83	-26.01	23.259	35.577
132.48	-49.86	9.100	34.612
44.90	-34.88	18.113	35.599
86.13	3.87	28.725	34.729
112.38	-12.49	28.319	23.355
76.77	1.84	28.870	36.966
93.41	-15.94	24.845	34.576
81.75	-1.22	28.190	35.191
86.61	-37.72	13.951	35.157
55.76	10.22	9999.000	9999.000
41.12	-45.26	6.392	33.815
82.91	-4.68	0.376	1.400
98.70	-1.87	28.602	33.539
44.63	1.01	27.190	35.394
66.64	18.01	28.728	36.764
53.73	-12.49	26.915	35.095
84.10	-16.70	26.246	34.944
52.21	-4.91	27.942	35.528
91.26	-8.25	27.106	34.154
93.98	-31.22	17.535	35.565
45.86	-44.50	5.676	33.804
58.96	-25.75	25.231	35.152
98.91	-43.05	10.697	34.840
76.63	-6.12	28.742	28.533
106.98	-9.03	27.217	34.409
92.53	-34.62	16.332	35.510
84.18	-53.31	-0.002	34.116
68.68	18.57	29.149	36.868
91.53	0.85	28.650	33.707
47.57	12.31	27.622	36.464
64.59	18.98	27.671	36.533
65.42	13.47	28.878	36.604
113.40	-55.82	2.628	33.949
78.65	-50.61	2.500	33.905
73.35	-9.07	28.414	34.833
54.23	-28.91	21.970	35.606
138.12	-57.60	1.898	33.897
112.85	-22.33	22.876	35.075
79.11	-23.33	22.671	35.561
117.09	-41.67	11.227	34.905
101.75	-38.23	12.676	34.993
140.66	-38.98	14.570	35.558
59.02	13.20	28.138	36.082
59.37	-49.36	3.927	33.697
48.28	-48.89	3.096	33.805
96.99	-55.48	0.848	34.042
107.70	-41.58	10.981	34.783
115.60	-37.93	14.132	35.390
70.96	-36.18	15.994	35.347
66.80	10.47	29.658	36.610
69.64	-28.56	23.160	35.738
140.44	-47.39	9.427	34.577
140.61	-53.99	3.201	33.822
71.85	-25.52	23.707	35.547
125.51	-47.21	9.533	34.663
86.11	-3.35	28.237	34.647
59.27	-36.64	16.104	35.410
71.12	-19.75	24.307	32.817
87.70	10.53	29.046	34.012
50.85	-24.89	9999.000	9999.000
77.65	-0.54	28.381	27.303
91.41	0.59	28.407	33.818
58.91	-29.76	22.277	35.503
52.70	2.22	9999.000	9999.000
77.87	-33.81	18.001	35.528
39.91	-22.34	25.037	35.304
95.03	1.56	9999.000	9999.000
67.98	13.49	29.027	36.776
54.92	-38.09	16.198	35.585
136.61	-50.43	7.779	34.366
59.09	11.95	28.158	36.059
124.92	-41.98	10.735	34.684
126.57	-35.65	15.911	35.519
48.46	-22.95	25.860	35.128
115.25	-51.85	1.894	33.947
54.29	-13.30	26.753	34.907
111.50	-23.57	22.056	35.272
47.59	-3.76	27.256	35.351
96.78	-10.46	27.430	34.340
65.67	-44.08	13.494	35.230
143.90	-41.38	13.245	35.206
42.68	-31.26	20.062	35.602
64.03	10.94	29.263	36.737
64.34	-13.29	26.977	34.913
27.71	-49.23	2.319	33.905
104.88	-58.37	0.181	34.017
143.45	-41.80	12.497	35.006
66.81	14.43	28.451	36.381
97.81	-57.63	-0.324	34.065
67.69	15.54	28.884	36.501
90.20	1.51	28.416	33.985
86.24	-0.41	28.368	35.271
74.23	0.70	27.854	35.509
140.89	-53.83	3.123	33.841
62.95	10.56	29.133	36.906
46.25	-44.36	5.705	33.805
99.74	-41.74	11.453	34.940
126.41	-45.06	10.184	34.656
97.59	-43.21	10.732	34.839
80.92	-24.85	22.151	35.723
125.56	-34.55	16.901	35.598
65.19	17.75	28.731	38.871
63.86	3.56	29.102	36.031
70.98	-52.74	1.632	33.885
61.39	3.02	28.489	36.289
100.75	-18.85	24.146	34.878
37.88	19.93	29.759	39.627
107.69	-37.01	13.284	35.055
53.64	-57.49	-0.309	33.913
93.97	-54.81	2.431	34.005
68.09	8.64	29.793	36.632
88.43	-5.43	27.669	33.723
65.13	12.42	29.022	36.383
133.00	-46.73	9.430	34.591
25.13	-46.04	5.113	33.755
54.48	12.70	23.946	35.393
59.16	4.66	29.298	36.142
121.14	-43.04	10.661	34.757
117.37	-36.70	15.820	35.593
69.65	-28.77	22.189	35.776
85.06	-27.98	21.674	32.481
60.65	22.89	27.241	36.623
111.97	-29.38	18.927	35.807
132.20	-37.60	14.002	35.165
55.49	-29.35	21.647	0.068
87.69	-48.00	6.585	33.898
36.84	23.07	28.044	40.081
113.68	-53.71	1.287	33.968
29.21	-43.86	8.524	34.168
86.48	-43.97	10.568	34.750
86.65	-55.70	1.279	34.075
29.24	-47.10	7.341	33.987
28.65	-34.96	19.101	35.634
35.39	-46.31	7.122	34.053
59.33	-37.59	16.409	35.826
84.72	-57.76	0.510	33.903
126.76	-34.02	16.366	35.522
92.06	-51.06	3.338	33.967
78.83	1.65	28.565	35.412
66.39	12.25	29.179	36.824
104.18	-49.66	3.647	33.937
52.68	-47.10	4.653	33.735
81.20	0.02	28.435	35.385
70.68	-26.55	24.046	35.366
98.38	-12.55	26.661	34.337
134.11	-51.39	7.133	34.267
47.56	12.73	27.434	36.376
50.92	-4.79	28.803	35.235
141.14	-47.97	9.501	34.588
104.37	-14.25	25.968	34.426
82.71	11.25	28.516	33.121
65.65	-30.05	23.098	35.512
123.66	-55.79	2.540	33.925
121.69	-55.42	1.930	33.910
110.29	-37.86	13.171	35.078
44.42	-12.14	9999.000	9999.000
113.14	-20.02	24.248	34.945
41.77	-28.81	21.595	35.583
100.54	-23.33	22.990	34.802
88.95	0.41	28.542	35.184
22.41	-45.44	8.691	34.107
79.78	1.72	9999.000	9999.000
111.32	-56.72	1.926	33.938
115.86	-51.90	1.954	33.939
28.23	-41.90	14.672	35.315
114.34	-16.15	27.452	34.390
100.76	-27.47	19.458	35.839
67.36	11.59	29.271	36.693
47.78	-24.52	24.884	35.012
117.61	-54.43	2.558	33.947
97.77	-29.88	18.667	35.944
110.38	-18.22	25.036	34.737
85.36	-18.34	25.551	35.134
64.23	-40.08	14.775	35.411
64.77	13.88	27.876	36.234
66.16	2.67	29.077	35.846
66.98	11.95	29.349	36.826
66.90	21.99	28.556	36.693
80.76	0.00	28.490	35.399
96.45	-0.23	28.646	33.991
78.47	-21.99	24.573	35.189
61.37	15.66	28.483	36.010
118.15	-45.79	9.725	34.657
65.56	-15.61	26.227	35.027
29.06	-48.59	4.947	33.764
81.22	-8.53	27.775	34.391
67.32	-22.80	24.814	35.230
99.77	-30.30	19.251	35.855
44.70	-30.87	21.393	35.529
127.22	-59.47	0.437	33.923
100.03	-34.96	15.956	35.563
65.89	10.41	29.636	36.724
52.93	-21.73	25.501	35.221
132.47	-61.33	0.445	33.908
106.11	-60.35	-1.513	33.811
126.72	-45.10	10.131	34.650
60.06	7.61	9999.000	9999.000
131.93	-40.24	11.988	34.822
24.35	-49.77	4.063	33.777
72.09	-20.66	24.811	35.113
76.71	-23.18	23.633	35.377
138.31	-54.34	4.301	33.924
77.78	-1.10	28.314	34.881
64.35	-13.87	26.911	34.897
95.64	-16.82	25.420	34.460
96.86	-55.33	1.017	34.044
102.71	-42.45	10.987	34.832
65.24	17.93	28.664	36.396
59.35	12.93	28.520	36.339
129.65	-41.19	12.005	34.911
121.02	-45.85	9.593	34.626
113.31	-17.35	25.821	34.403
88.87	-39.64	12.225	35.007
36.03	-34.23	17.874	35.631
138.94	-49.64	8.521	34.426
62.54	12.16	28.325	36.043
107.10	-8.42	27.583	34.205
103.60	-7.36	28.180	33.779
72.03	-11.11	27.210	34.913
44.63	1.62	9999.000	9999.000
50.23	-35.92	16.825	35.543
112.15	-47.45	9.035	34.630
78.08	-41.39	13.749	35.159
104.65	-27.14	20.983	35.280
36.57	-47.89	3.512	33.805
137.41	-58.12	1.703	33.874
82.90	-12.73	27.766	34.794
53.01	-11.81	25.647	35.045
113.44	-21.98	22.806	35.171
144.18	-52.83	4.751	33.910
83.68	12.07	28.518	32.762
65.68	-40.30	14.480	35.397
52.53	15.28	26.309	35.508
58.61	-4.55	27.430	35.212
66.47	16.85	28.951	36.480
137.31	-41.82	12.092	34.913
121.26	-42.66	10.786	34.708
28.10	-51.92	1.720	33.901
92.66	5.40	28.722	33.184
83.36	-13.56	27.602	34.844
58.30	-12.73	27.175	35.081
136.75	-39.44	12.804	34.896
91.09	-40.47	11.805	34.952
48.38	-27.84	23.950	35.175
51.57	-26.61	24.178	35.138
79.27	2.73	28.427	35.079
98.61	-27.37	21.171	32.041
41.33	-27.00	23.742	35.363
93.39	2.14	28.919	33.811
97.73	-17.38	25.294	34.432
41.69	-21.44	25.152	35.318
74.03	-45.05	10.088	34.433
142.25	-40.25	13.983	35.352
91.39	-32.41	17.094	35.445
96.55	-32.99	17.053	35.735
95.61	-36.67	15.290	35.319
110.17	-34.73	15.995	35.612
60.30	-30.01	22.295	35.473
69.28	-16.07	26.469	34.957
92.10	-16.42	24.853	35.523
25.68	-34.94	22.240	35.453
135.25	-44.83	10.269	34.596
78.88	-4.67	28.464	34.370
77.50	-1.25	28.317	34.853
76.43	-4.89	28.663	34.637
97.96	-35.29	15.802	35.647
100.45	-4.46	28.446	33.081
91.63	1.16	28.793	33.845
64.45	11.79	29.068	36.621
68.52	11.20	29.532	36.651
84.62	-17.79	25.976	35.141
88.57	-11.92	26.807	34.643
88.29	-17.66	25.368	34.692
94.22	-13.86	26.307	34.445
126.73	-42.96	10.790	34.711
84.45	-17.19	25.640	35.035
25.19	-36.78	19.890	35.544
40.80	-48.51	4.172	33.750
85.64	-57.64	-0.273	33.777
74.36	1.52	28.775	35.636
44.52	-32.78	18.819	35.623
40.39	-21.38	9999.000	9999.000
87.14	-55.84	0.376	34.106
136.28	-41.60	12.308	34.970
104.32	-35.06	14.705	35.331
48.02	-26.45	22.343	35.498
47.07	-29.53	23.734	35.268
33.60	-26.47	9999.000	9999.000
60.56	-23.23	24.623	35.248
73.29	6.79	29.228	35.905
101.48	-10.13	26.643	34.315
53.68	2.05	27.863	35.439
46.77	12.29	27.361	36.518
114.92	-36.67	14.808	35.459
97.76	-29.86	18.726	35.943
110.17	-34.73	16.101	35.655
49.08	-20.36	25.915	35.110
65.61	-50.33	2.593	33.823
71.03	-52.74	1.634	33.886
92.68	5.46	28.799	33.142
53.96	-14.47	26.459	34.907
54.62	-33.36	19.291	35.671
90.33	-50.42	3.493	33.918
65.74	19.70	28.449	36.762
141.32	-41.22	12.873	35.103
52.17	-39.22	16.286	35.576
60.23	14.91	27.953	36.168
111.72	-34.29	16.694	35.702
54.63	-50.52	2.803	33.752
103.84	-49.64	3.722	33.945
71.05	9.19	29.530	36.309
93.71	-54.78	2.386	34.009
128.55	-53.29	4.551	34.010
30.52	-38.98	18.530	35.619
44.13	-47.94	3.940	33.789
88.73	12.77	28.764	33.582
91.20	12.88	29.316	33.323
85.47	15.17	28.562	33.971
87.12	13.88	28.293	32.929
88.63	-19.82	24.378	34.864
130.72	-35.77	15.438	35.346
70.45	-31.17	20.265	35.729
67.14	-16.05	26.548	35.092
77.72	-11.88	27.698	34.839
140.63	-47.20	9.439	34.578
75.80	-10.70	28.576	34.824
122.06	-48.00	7.657	34.356
64.36	-45.78	5.347	33.675
101.01	-25.38	21.389	35.252
66.06	11.49	29.072	36.690
129.70	-61.46	-0.685	33.911
31.40	-46.95	5.343	33.798
117.83	-14.87	27.571	34.654
39.97	18.72	31.069	38.983
100.00	-9.44	26.775	34.323
98.47	-20.97	23.602	34.703
94.48	-26.99	19.542	35.861
33.69	-32.95	22.285	29.088
84.78	-37.20	15.739	35.271
76.11	-15.59	25.820	35.035
41.17	-36.28	17.129	35.608
62.93	-1.18	28.239	35.361
92.04	-51.23	2.522	33.978
67.32	-52.84	2.097	33.839
138.06	-54.58	4.031	33.939
91.37	-23.67	23.021	35.157
36.87	23.09	28.566	39.862
73.50	-27.82	23.061	35.714
119.69	-39.31	12.653	34.936
69.82	-20.20	25.420	35.088
118.90	-14.00	28.361	34.266
104.80	-37.00	12.963	34.957
59.62	-1.78	28.632	35.459
96.17	-28.38	19.243	35.926
47.41	12.84	27.554	36.626
102.25	-24.51	20.826	35.578
56.18	-6.76	26.606	35.145
123.70	-56.35	1.952	33.922
134.32	-40.62	12.213	34.939
55.47	-55.75	0.120	33.929
83.39	16.04	27.950	32.128
81.46	0.11	28.686	35.231
45.11	-51.07	2.069	33.879
97.25	-22.26	23.691	34.756
87.36	-46.59	7.632	34.099
68.45	6.24	29.548	36.156
92.70	-10.79	26.531	34.241
101.49	-45.32	10.352	34.809
86.13	-2.83	9999.000	9999.000
118.47	-14.22	28.400	34.267
88.70	1.33	28.535	35.035
121.72	-43.65	10.378	34.660
22.08	-51.62	1.035	33.987
20.74	-52.11	0.692	34.044
27.13	-50.34	2.309	33.892
94.53	-54.62	1.931	33.976
92.68	5.54	28.817	33.188
96.04	-37.92	13.025	34.962
98.20	-24.40	20.991	35.470
71.58	10.16	29.851	36.662
106.44	-7.75	28.023	34.079
61.95	-15.63	25.481	35.003
72.68	3.60	28.895	35.953
139.48	-39.53	14.378	35.433
115.12	-37.10	14.459	23.287
96.05	-61.60	-1.728	34.111
105.32	-31.47	18.537	35.876
33.09	-48.28	3.650	33.837
57.70	7.99	28.085	35.891
53.73	-34.13	19.315	35.627
68.29	14.38	28.918	36.519
42.95	-45.33	6.381	33.751
23.08	-38.15	19.708	35.548
83.06	-0.07	28.440	35.420
81.54	4.57	28.701	34.658
61.40	-43.35	15.327	35.496
87.03	-43.27	10.041	32.958
97.73	-29.81	18.687	35.926
82.16	-47.49	4.841	33.762
65.06	15.94	27.908	36.015
84.31	-43.84	10.306	34.533
92.68	-51.22	3.595	33.980
96.77	-55.20	0.931	34.042
38.49	-45.32	6.384	33.798
140.57	-62.71	-0.984	33.982
49.15	-40.97	12.792	35.028
96.30	-16.92	24.999	34.544
86.30	-2.95	28.154	34.550
134.52	-51.25	7.151	34.277
132.94	-41.90	11.485	34.782
138.38	-40.42	13.061	34.963
45.80	2.30	9999.000	9999.000
89.18	18.33	28.195	32.533
100.66	-56.08	0.499	34.030
125.15	-40.93	11.298	34.805
120.47	-41.39	10.942	34.671
47.45	12.31	27.463	36.441
86.58	4.06	28.709	34.556
112.08	-13.28	28.616	34.421
110.52	-17.96	24.711	34.861
74.02	-35.61	18.160	35.551
93.75	-29.45	20.002	35.909
66.80	-10.86	28.591	34.781
49.40	-0.00	26.434	35.329
64.56	8.00	29.315	36.606
38.16	-25.58	24.359	35.424
52.37	8.29	28.573	36.066
105.69	-35.25	15.223	35.364
82.50	1.32	28.477	35.551
88.27	-20.29	24.361	34.836
44.42	-58.09	-1.022	33.880
22.38	-49.10	3.323	33.836
114.65	-43.11	10.454	34.712
82.28	-0.86	0.384	1.405
86.66	-19.23	24.845	34.956
89.66	-40.33	13.352	35.019
41.22	-47.67	4.024	33.771
84.33	-4.01	28.383	34.278
109.69	-15.51	27.109	31.361
116.01	-14.55	27.222	34.407
82.68	10.96	28.454	32.968
32.91	-38.68	16.227	35.332
59.80	-7.03	29.114	34.846
45.22	-3.93	27.671	35.469
87.21	-36.42	15.713	35.233
66.19	-1.40	28.424	35.444
92.67	5.59	28.885	33.409
92.22	-40.58	12.517	34.980
107.85	-46.88	7.628	34.313
32.06	-65.62	-1.845	34.321
77.49	-17.27	26.737	34.943
52.74	-9.05	28.465	35.159
140.05	-41.62	13.898	35.391
57.45	-11.80	27.786	35.118
94.72	-33.41	17.342	35.661
85.21	-60.56	-1.496	34.107
126.11	-56.54	2.442	33.921
21.75	-51.34	1.166	33.956
81.18	-1.31	28.034	35.078
21.42	-48.38	3.864	33.801
84.26	-1.13	28.221	34.837
52.30	-9.93	28.060	35.019
92.29	-15.02	25.361	34.563
42.36	-1.11	27.244	35.296
139.32	-61.52	-0.339	33.933
133.04	-43.75	10.527	34.615
37.83	19.77	29.332	39.611
103.79	-49.38	3.838	33.952
68.99	11.11	29.530	36.666
130.68	-35.52	16.091	35.474
113.48	-47.92	8.604	34.565
143.44	-44.35	11.698	35.014
130.16	-40.14	12.580	34.958
33.97	-29.98	9999.000	9999.000
46.54	-38.21	16.644	35.583
78.46	-41.41	13.635	35.173
71.08	-52.75	1.625	33.887
61.66	-37.64	16.544	35.497
97.70	-29.75	19.476	35.915
67.72	12.72	28.838	36.583
37.70	-36.24	18.147	35.645
86.64	-57.59	-0.242	33.817
87.58	-55.89	0.435	34.068
89.89	-27.61	20.321	36.002
92.43	-49.54	5.977	34.000
97.59	-53.67	3.000	33.959
93.46	-54.87	2.437	34.019
115.82	-16.07	26.678	34.479
122.04	-49.33	7.756	34.348
53.88	-22.65	25.200	35.115
103.25	-17.10	24.564	34.543
60.88	9.29	28.380	36.146
72.17	-23.26	24.457	35.337
119.36	-14.53	28.007	34.381
117.04	-59.32	1.134	33.971
113.65	-30.75	19.390	37.233
41.08	-16.95	26.520	35.153
115.82	-14.22	28.178	34.260
37.84	-24.36	22.756	35.372
106.69	-34.62	15.061	35.225
97.43	-10.44	27.750	34.094
37.63	-27.02	23.462	35.431
92.68	5.64	28.847	33.418
98.36	-7.03	27.951	33.803
33.99	-43.19	10.114	34.522
78.72	-28.70	22.398	35.715
61.51	-16.68	26.526	34.900
91.80	-35.97	14.713	35.051
103.52	-7.33	28.568	33.384
68.18	-43.40	13.832	35.350
66.90	10.39	29.347	36.676
63.58	-6.50	29.209	35.128
138.32	-37.45	15.089	35.438
129.50	-57.57	1.762	33.889
83.16	-28.51	22.271	35.657
96.36	-39.67	11.844	34.905
72.81	-8.87	28.808	34.614
62.69	0.27	28.252	35.423
56.28	-29.38	21.800	35.577
136.94	-41.36	12.504	34.865
130.75	-36.54	15.573	35.448
70.41	-37.08	16.101	35.408
100.03	-39.31	12.131	34.981
93.88	-63.92	-1.799	34.254
115.73	-12.10	29.351	34.296
63.28	23.80	9999.000	9999.000
67.02	21.92	28.342	36.659
144.34	-61.69	-0.879	33.949
90.35	1.66	28.849	34.515
86.31	-0.36	28.346	35.083
73.99	0.74	28.198	35.479
64.22	15.81	27.946	35.782
83.80	2.84	28.797	34.733
76.32	-58.23	-1.629	33.965
66.62	14.40	28.729	36.562
99.32	-30.10	19.133	35.925
84.12	-9.60	26.995	34.236
58.32	-38.07	16.172	35.461
98.66	-8.02	27.478	34.320
39.97	18.71	30.840	38.978
48.95	-38.14	16.789	35.605
83.36	-44.94	11.263	34.945
73.60	-6.69	28.917	34.669
84.47	-12.40	27.615	34.608
70.47	-11.99	27.518	34.936
27.19	-45.73	7.701	33.966
109.17	-32.49	19.048	35.727
20.28	-46.70	6.291	33.845
38.36	-32.52	22.038	35.482
67.80	-54.88	1.353	33.896
107.52	-14.79	27.405	34.330
80.27	-53.57	0.074	0.001
122.04	-38.52	13.334	28.645
85.20	-1.10	28.109	34.890
85.03	-55.05	1.964	33.995
108.56	-24.80	22.637	35.169
31.49	-38.47	16.530	35.420
20.74	-35.99	18.925	35.369
113.89	-44.12	10.100	34.733
49.68	-19.32	26.300	35.097
115.60	-55.11	1.861	33.954
67.30	-60.82	-1.685	33.755
54.88	-40.79	15.174	35.406
97.66	-29.70	19.701	35.876
88.75	-41.83	12.152	24.739
107.53	-64.28	-1.876	34.341
69.49	18.26	29.061	0.000
79.46	-23.46	22.867	35.675
111.61	-34.88	16.084	35.589
66.10	11.28	28.855	36.643
49.53	-3.20	9999.000	9999.000
23.11	-44.96	8.653	34.050
96.68	-55.04	0.890	34.041
37.33	-50.84	2.292	33.876
86.82	3.67	28.578	34.943
101.08	-8.81	27.701	33.906
65.97	-66.31	-1.855	34.274
56.70	-34.31	16.865	35.572
41.57	-24.62	24.227	35.428
140.83	-47.01	9.595	34.580
69.22	-6.80	28.910	34.787
99.59	-26.99	20.897	35.447
70.07	16.77	29.214	35.711
65.38	21.32	28.344	36.550
88.58	0.26	28.586	35.352
99.81	-17.75	25.310	34.444
67.96	17.33	9999.000	9999.000
68.60	15.49	9999.000	9999.000
67.51	17.23	9999.000	9999.000
69.73	18.72	9999.000	9999.000
76.83	-21.08	24.511	35.214
109.82	-42.07	10.636	34.773
65.46	13.79	28.760	36.645
72.16	13.98	29.590	36.282
23.34	-40.69	14.111	35.076
109.26	-31.84	18.496	35.780
77.25	-30.94	20.648	35.945
105.25	-21.03	23.473	34.831
107.96	-22.55	23.146	34.954
79.51	-63.28	-1.579	34.013
76.05	-27.54	22.493	35.789
131.84	-35.46	16.036	35.437
91.22	-41.67	11.296	34.885
96.54	-51.89	3.532	33.991
132.52	-58.55	1.319	33.896
72.08	-41.10	13.840	35.253
85.44	-18.29	25.633	35.059
38.74	-32.40	20.727	14.587
101.07	-14.08	27.048	34.406
130.82	-35.03	16.655	35.573
73.55	-21.05	24.368	35.217
66.47	9.74	29.403	36.733
105.69	-12.61	27.547	34.253
80.81	0.20	28.560	35.097
133.96	-39.41	13.070	35.112
36.54	-36.49	18.425	35.678
82.52	-13.48	27.683	34.942
47.37	12.26	27.564	36.519
89.16	-11.26	27.259	34.324
102.33	-37.78	13.182	35.161
119.81	-41.92	10.959	34.777
61.27	15.74	27.767	35.830
31.04	-46.10	5.570	33.845
125.71	-42.84	10.501	34.628
100.52	-30.94	19.167	35.926
49.26	-35.92	17.116	35.602
40.93	-20.73	26.826	35.201
76.12	-10.75	28.536	34.554
101.26	-40.51	12.386	35.134
42.69	-41.80	12.972	35.038
60.76	0.67	9999.000	9999.000
66.75	10.47	29.356	36.667
62.73	11.38	28.344	36.320
41.97	-34.83	17.500	35.594
94.57	5.00	28.754	33.316
52.13	-25.05	25.123	35.060
112.25	-46.81	9.820	34.917
70.46	16.73	29.240	36.230
57.19	2.59	0.392	1.409
107.68	-13.04	27.162	34.309
76.19	-22.35	24.011	35.376
116.93	-52.10	3.048	33.955
50.96	-1.95	27.396	35.374
67.97	-37.78	15.941	35.341
43.71	-30.35	20.300	31.221
88.03	-55.79	1.266	34.082
93.18	-51.29	3.543	33.952
65.69	19.65	28.288	36.822
93.27	-55.08	2.372	34.016
66.39	12.06	28.968	36.687
32.33	-42.60	14.429	35.272
138.22	-61.55	-0.619	33.948
87.56	-57.74	-0.231	33.777
104.08	-49.27	3.774	33.934
83.90	11.58	28.846	33.860
95.90	-21.63	24.076	34.694
36.47	-50.50	2.554	33.873
107.39	-44.22	10.025	34.751
134.90	-51.09	7.577	34.303
97.71	-12.33	27.117	34.309
91.77	1.21	28.900	34.056
85.39	4.62	28.803	34.187
87.73	-52.51	4.021	33.826
79.02	-21.36	24.642	35.162
84.48	-31.63	19.606	31.247
77.72	-25.22	23.150	35.528
71.14	-52.76	1.636	33.882
57.29	4.95	28.895	35.963
89.24	15.38	28.870	32.410
46.74	12.19	25.737	35.627
66.93	14.14	28.677	36.624
89.44	-57.70	0.578	33.959
88.93	-28.15	20.419	33.245
64.51	1.99	28.832	35.495
58.59	12.18	28.396	37.321
79.78	5.06	28.642	34.133
89.81	-27.34	21.033	35.726
61.87	17.05	9999.000	9999.000
104.02	-21.54	22.660	34.998
40.20	-51.91	1.780	33.925
128.40	-62.30	9999.000	9999.000
136.35	-40.64	12.657	34.932
93.84	-6.94	28.486	33.983
32.38	-35.58	19.082	35.635
63.63	-10.73	0.330	1.395
92.06	-16.38	25.015	35.653
37.91	19.94	29.266	39.334
69.74	-3.12	29.001	34.996
59.19	0.93	29.008	35.741
78.62	-4.55	28.715	34.197
76.85	-5.03	28.729	34.412
77.90	-1.02	28.475	35.390
66.63	18.05	28.458	36.762
111.67	-39.42	12.425	34.936
106.25	-53.02	2.246	33.970
54.70	10.29	27.900	35.686
125.10	-61.70	9999.000	9999.000
60.26	22.66	27.839	36.906
127.99	-50.59	9.426	34.684
82.22	-15.66	27.061	34.734
73.59	-18.15	24.955	35.185
67.56	-14.19	26.639	34.995
66.66	-12.68	27.539	34.992
68.60	11.27	29.292	36.688
64.53	11.98	28.786	36.631
48.02	-22.87	9999.000	9999.000
115.74	-11.96	29.466	34.277
95.56	-27.87	20.309	35.773
84.36	3.49	28.786	34.982
81.92	-61.62	-1.297	33.952
108.24	-31.48	19.122	35.710
65.63	17.67	28.504	36.336
45.71	-31.41	20.732	35.645
114.49	-36.21	14.830	35.452
36.88	23.08	28.512	39.662
71.64	-52.12	2.009	33.881
47.26	12.93	27.367	36.531
141.07	-44.77	11.653	34.909
78.95	-40.91	13.503	35.164
80.53	-6.62	28.229	28.668
65.69	-57.98	-0.995	33.607
59.47	-27.69	23.452	35.467
116.82	-41.42	11.628	34.838
121.03	-53.06	4.275	34.128
79.27	2.36	9999.000	9999.000
57.71	-53.68	1.270	33.894
51.24	-19.02	26.484	35.081
90.80	-28.94	20.001	28.955
88.98	-18.08	25.934	34.631
100.64	-26.91	21.192	35.444
41.24	-4.29	27.760	35.431
106.00	-12.36	27.404	34.323
129.37	-50.92	8.105	34.470
132.32	-48.43	9.191	34.602
43.99	-50.84	2.284	33.860
99.53	-36.23	14.936	35.582
78.87	-13.19	28.325	34.850
96.76	-54.88	0.940	34.038
115.40	-37.01	15.397	35.541
88.60	12.80	28.829	33.668
91.12	12.68	29.033	33.433
71.55	10.08	29.407	36.568
85.42	15.50	28.624	34.192
122.12	-43.24	10.439	34.914
87.10	13.75	28.464	32.725
57.87	9.49	27.904	36.196
68.21	-11.37	27.537	35.017
110.32	-42.07	10.896	34.791
86.00	-4.15	28.170	34.154
136.32	-48.40	9.042	34.572
70.29	-16.34	26.707	35.037
30.95	-48.84	6.215	33.961
78.18	-0.09	28.577	35.239
92.67	5.65	28.804	33.270
143.68	-47.67	10.107	34.625
119.37	-63.08	-0.964	34.182
95.85	-64.51	-1.777	34.304
88.87	-37.52	13.865	35.028
117.28	-14.01	28.929	34.274
74.29	-32.80	19.069	35.679
120.01	-35.93	15.496	35.402
