72.31	-36.04	14.986	35.258
72.07	-24.99	23.539	35.430
57.45	10.71	27.739	35.814
90.72	8.74	28.991	33.288
62.29	11.45	28.659	36.336
137.63	-42.22	12.111	34.950
113.61	-55.54	2.251	33.956
40.42	-32.39	19.244	35.601
78.53	-33.87	17.162	35.530
77.05	-8.91	28.580	34.679
70.28	-19.61	24.315	32.834
115.03	-16.28	27.891	34.234
134.10	-50.71	6.464	34.089
93.84	-51.45	2.612	33.942
95.41	-39.18	11.974	34.939
83.30	-0.81	0.203	0.703
95.43	-40.77	11.709	34.933
61.60	-5.94	28.738	34.933
78.98	-20.49	24.883	35.118
42.37	-20.29	26.333	35.137
84.54	-37.52	13.118	35.118
71.51	10.39	29.697	36.543
97.07	-29.21	19.709	35.768
102.45	-24.57	20.281	35.576
52.92	-31.23	20.298	35.668
69.92	-51.66	1.885	33.885
109.82	-11.05	27.429	34.325
72.33	-15.62	26.590	34.965
82.71	16.21	29.052	31.431
81.81	-0.19	29.015	35.296
82.31	-7.39	28.048	34.354
69.06	-10.10	28.162	34.823
34.69	-28.82	22.502	35.311
68.98	6.39	29.512	36.318
69.70	13.16	29.592	36.714
30.65	-36.23	19.208	35.603
88.73	-8.13	27.889	34.305
88.99	-18.45	24.726	34.815
42.97	-53.21	0.883	34.003
63.65	-13.15	26.941	28.742
97.77	-54.94	1.773	33.964
111.74	-44.15	10.047	34.757
104.50	-49.54	3.474	33.943
107.39	-44.74	9.985	34.740
123.14	-48.59	7.545	34.275
81.55	-56.60	-1.585	33.576
88.35	-57.49	-0.404	33.867
85.75	-51.41	1.743	33.944
95.58	-45.73	6.494	34.168
43.95	-37.62	16.937	35.597
48.07	12.24	27.670	36.339
104.68	-21.23	22.623	34.901
70.88	-52.68	1.415	33.887
72.21	-22.76	23.480	35.474
50.55	-19.21	25.113	35.246
96.54	-51.55	2.748	33.964
58.34	24.49	9999.000	9999.000
85.16	-54.64	0.844	34.069
91.19	-52.15	2.786	33.956
85.99	-55.92	0.584	33.981
99.89	-17.70	24.236	34.560
106.54	-15.98	26.462	34.354
116.64	-39.84	11.349	34.753
135.05	-40.72	12.614	35.129
56.03	-19.21	25.253	35.253
61.84	-8.55	0.192	0.699
94.13	-6.78	27.626	33.988
77.19	-19.91	24.524	35.075
50.59	-29.82	20.770	35.627
66.03	-10.65	27.384	35.018
126.28	-48.42	9.206	34.617
66.92	10.55	29.557	36.668
132.39	-51.47	7.643	34.330
76.69	3.35	28.618	35.455
61.20	-5.59	28.912	35.319
92.04	5.25	29.189	33.136
111.22	-41.47	10.813	34.778
141.01	-47.50	9.267	34.584
74.00	-44.72	11.675	34.993
81.03	-52.97	-0.790	33.983
96.33	-19.12	24.338	34.689
59.45	-4.35	28.507	35.453
89.42	18.53	28.199	31.431
72.49	-21.39	24.568	35.214
85.91	-54.76	1.969	34.027
85.68	-56.11	0.574	33.986
32.08	-31.53	21.588	35.448
37.82	19.77	30.560	39.532
121.84	-52.15	4.306	33.997
94.11	-32.34	17.755	35.949
69.06	-2.85	28.856	34.937
48.88	-38.63	16.560	35.602
112.33	-11.56	27.938	23.507
65.69	-29.85	22.830	35.555
55.20	9.83	9999.000	9999.000
65.01	3.46	28.916	35.722
60.21	4.31	28.783	35.911
53.06	-10.07	27.744	31.560
104.31	-58.57	0.006	34.017
56.61	-20.12	25.112	35.074
75.50	2.62	28.754	36.776
45.64	-35.05	18.253	35.595
66.64	21.93	9999.000	9999.000
131.29	-49.20	9.114	34.617
81.25	-1.38	28.613	35.213
75.44	-26.35	23.284	35.423
83.30	-4.68	0.188	0.700
41.27	-45.13	5.848	33.826
93.79	-31.25	16.637	35.360
91.20	-8.46	27.164	34.253
86.16	3.83	28.878	33.838
86.27	-38.52	12.794	35.096
43.90	0.22	26.967	35.360
37.85	19.95	30.648	39.638
93.55	-16.02	24.767	34.623
106.24	-8.44	28.147	34.260
93.19	-34.24	16.156	35.663
98.64	-1.92	29.132	33.657
84.02	-16.40	25.997	35.169
53.97	-12.97	26.627	35.007
66.78	17.97	29.198	36.840
65.71	13.11	29.112	36.584
140.17	-39.38	14.172	35.418
51.91	-4.80	27.572	35.472
65.05	18.89	29.210	36.902
66.30	17.84	29.280	36.702
68.54	18.60	29.314	37.079
46.38	-44.75	5.288	33.797
99.23	-42.70	10.822	34.879
58.89	12.80	28.104	36.124
83.57	-53.22	-0.377	34.113
112.28	-22.00	22.269	35.228
74.38	-9.30	28.431	34.887
61.76	22.57	28.988	36.910
78.91	-50.82	1.892	33.924
54.48	-28.96	22.108	35.422
58.80	-26.11	24.206	35.199
76.18	-41.35	12.876	35.150
92.12	5.25	29.103	33.174
59.03	-49.02	3.738	33.693
91.77	1.03	28.862	33.223
101.90	-37.94	12.350	34.997
76.91	-6.71	28.514	28.481
108.23	-41.53	10.648	34.762
48.08	-49.00	2.733	33.804
98.12	-55.79	0.878	34.038
86.13	-3.15	9999.000	9999.000
56.65	16.37	27.495	35.422
137.79	-57.75	1.578	33.869
84.66	-18.33	25.873	35.091
48.18	12.31	27.652	36.428
69.91	-28.49	22.539	35.715
87.88	10.47	29.271	33.890
124.56	-47.14	9.428	34.671
60.31	-36.11	15.672	35.438
85.96	13.68	0.196	0.704
140.82	-53.97	3.160	33.836
96.67	-10.43	26.891	34.429
48.48	-22.36	25.189	34.959
40.28	-22.06	25.797	35.240
114.50	-52.21	1.842	33.954
20.16	-38.56	19.621	35.521
66.59	14.53	28.962	36.271
135.22	-51.06	7.584	34.348
98.06	-57.78	0.129	34.073
126.78	-35.71	16.012	35.559
53.03	2.47	9999.000	9999.000
42.74	-31.14	19.833	35.501
48.08	-2.78	27.450	35.366
81.49	-8.50	27.931	34.439
54.45	-38.12	16.053	35.550
64.28	-13.62	26.397	34.857
63.81	10.64	29.146	36.698
81.10	-25.12	22.893	35.282
53.91	-13.94	26.589	34.974
143.75	-42.21	12.175	35.068
58.84	-29.64	21.891	35.619
62.84	-45.48	13.682	35.372
27.24	-49.03	2.112	33.896
78.38	-33.39	17.473	35.517
62.44	10.68	28.555	36.681
67.89	15.52	29.268	36.502
67.74	13.65	29.281	36.692
141.09	-53.72	2.807	33.821
60.21	3.60	29.299	36.193
46.95	-44.86	4.527	33.783
99.95	-41.38	11.257	34.938
63.94	2.91	28.841	35.808
90.47	1.59	28.602	33.579
86.31	-0.50	28.766	35.291
74.62	0.64	28.899	35.487
58.91	4.77	28.886	35.932
126.63	-44.88	9.878	34.654
53.47	-57.12	-0.153	33.947
116.29	-36.76	15.333	35.545
54.46	13.33	26.912	35.605
65.26	17.51	29.073	39.099
97.23	-44.08	10.254	34.781
121.14	-42.68	10.450	34.706
44.64	1.62	9999.000	9999.000
68.11	8.44	29.355	36.563
88.65	-5.37	28.376	34.177
58.46	-5.25	28.622	35.483
69.82	-28.93	22.785	35.562
70.88	-52.66	1.350	33.893
125.75	-34.46	16.122	35.465
61.55	3.00	28.672	36.639
100.60	-18.97	24.392	34.810
107.45	-37.12	12.980	35.071
103.68	-7.51	28.654	34.070
64.43	12.40	29.020	36.288
132.58	-47.41	8.969	34.562
120.76	-43.00	10.566	34.776
92.23	5.23	29.243	33.266
24.25	-46.76	4.651	33.771
98.52	-12.38	26.858	34.337
82.52	11.54	29.015	32.782
111.85	-29.04	18.780	35.803
131.90	-37.79	13.700	35.132
35.96	-46.13	6.341	34.010
50.49	-5.05	27.841	35.234
85.99	-47.47	7.170	34.070
112.96	-53.73	1.204	33.962
56.01	-28.87	21.495	0.061
65.59	12.22	28.723	36.267
127.14	-34.03	16.518	35.565
28.26	-43.91	11.803	34.980
86.18	-44.61	9.855	34.726
28.30	-46.48	6.009	33.826
66.03	19.81	28.895	36.802
59.08	-36.99	16.006	35.729
29.09	-34.91	18.443	35.622
92.27	-54.00	2.402	34.000
78.79	1.48	28.773	35.336
84.81	-28.21	21.838	32.354
51.53	-47.09	3.643	33.741
104.24	-49.68	3.586	33.967
44.48	-9.98	26.588	35.343
81.18	-0.07	28.983	35.323
70.59	-26.91	23.766	35.340
71.86	0.72	28.764	35.534
139.69	-47.88	9.143	34.575
104.45	-14.48	26.386	34.329
79.35	-10.80	27.866	34.930
109.90	-21.88	23.210	35.028
124.00	-55.87	2.514	33.928
110.81	-31.05	17.860	35.850
56.83	17.42	27.943	35.860
99.73	-22.98	22.460	34.962
44.42	-12.14	9999.000	9999.000
130.99	-35.45	15.863	35.502
88.95	0.95	28.770	34.454
47.89	12.30	27.589	36.387
114.16	-16.08	27.132	34.390
70.75	-31.80	19.333	35.747
65.10	13.65	28.942	36.204
32.31	-47.16	4.859	33.764
111.66	-56.74	1.409	33.931
64.09	-46.09	4.595	33.669
115.47	-51.83	2.105	33.918
100.75	-27.93	18.983	35.929
110.55	-18.04	24.561	34.789
48.20	-23.62	25.094	35.024
110.68	-34.04	15.401	35.566
117.32	-54.23	2.739	33.965
66.66	12.00	29.304	36.763
66.91	10.52	29.713	36.629
117.40	-11.77	9999.000	9999.000
85.43	-18.65	25.333	35.105
64.66	-39.58	14.410	35.373
92.29	5.22	29.109	33.364
26.06	-48.52	5.211	33.781
66.33	2.72	28.895	35.713
81.05	0.02	28.919	35.291
47.86	-26.02	22.022	35.486
103.16	-42.45	10.404	34.808
78.41	-21.90	24.012	35.175
110.94	-46.26	9.905	34.753
61.62	15.42	27.836	35.692
96.70	-0.47	28.950	33.698
44.70	-30.67	20.283	35.571
107.20	-8.85	27.761	34.325
126.38	-44.94	9.715	34.632
99.46	-34.33	15.653	35.616
67.29	-22.65	24.445	35.236
65.33	-15.84	25.895	35.010
125.84	-58.78	1.245	33.917
65.78	10.35	29.421	36.790
62.60	12.30	28.344	36.036
33.81	-48.47	3.184	33.805
64.99	-13.68	26.532	34.896
53.16	-21.55	9999.000	9999.000
23.65	-49.08	3.730	33.776
132.03	-40.23	12.058	34.876
27.78	-41.57	13.267	35.132
95.87	-16.94	25.324	34.424
77.16	-22.89	23.362	35.388
138.09	-54.15	4.313	33.933
113.31	-17.13	25.613	34.583
113.22	-21.98	22.129	35.249
65.36	17.75	29.192	36.810
59.16	12.85	28.166	36.079
132.81	-61.43	0.735	33.893
59.84	7.06	9999.000	9999.000
120.80	-45.91	9.450	34.624
105.10	-27.34	19.512	35.803
76.52	-1.94	29.018	35.293
88.75	-40.08	12.031	34.970
36.49	-35.27	18.236	35.640
71.97	-11.58	27.585	35.016
138.19	-49.54	8.677	34.505
72.16	-20.24	25.164	35.104
137.20	-58.03	1.767	33.875
53.77	14.44	26.747	35.676
76.30	-10.72	27.996	34.726
110.68	-34.04	15.554	35.563
46.75	12.60	26.598	35.909
117.40	-11.77	28.943	34.174
82.95	-12.82	27.602	34.969
53.32	-12.01	26.717	34.938
100.44	-9.45	27.873	34.305
50.66	-35.34	17.277	35.532
91.09	-51.64	2.557	33.986
42.01	-29.56	22.358	35.418
137.26	-41.29	11.833	34.958
97.94	-55.72	0.656	34.054
63.78	-40.70	14.456	35.358
83.02	13.12	28.910	30.974
117.83	-45.32	9.669	34.635
66.04	16.64	28.981	36.737
142.99	-52.42	3.934	33.851
132.89	-51.57	7.149	34.284
110.59	-46.59	8.488	34.528
27.67	-52.05	9999.000	9999.000
39.95	18.72	31.176	38.995
59.69	11.72	27.797	35.989
111.26	-23.08	20.929	35.519
143.93	-41.66	12.706	35.183
51.20	-24.08	9999.000	9999.000
141.83	-47.45	9.175	34.582
136.58	-39.53	12.690	35.055
83.15	-13.58	27.540	34.970
48.86	-28.61	24.111	35.139
90.77	-40.42	11.795	34.952
100.79	-29.63	19.073	35.877
51.49	-26.41	23.858	35.317
61.50	22.87	27.634	36.770
96.75	-32.94	16.758	35.744
93.05	-1.43	28.722	34.272
92.36	5.26	29.066	33.210
139.43	-38.90	14.260	35.441
94.88	-36.52	14.268	35.215
72.72	-44.26	9.417	34.391
68.96	-16.00	26.228	34.973
29.19	-32.42	23.060	35.434
60.05	-29.98	22.415	35.542
98.08	-26.86	20.945	32.070
42.58	-26.41	23.697	35.359
92.23	-16.62	24.652	35.608
123.76	-56.38	1.620	33.910
56.42	-42.27	15.742	35.526
47.95	12.49	27.590	36.494
79.27	-4.70	28.801	34.558
74.76	-5.30	28.770	34.362
100.22	-3.98	29.323	33.221
76.52	-2.01	28.838	35.148
98.48	-35.78	14.946	35.519
94.31	-13.71	26.526	34.327
64.42	11.47	28.777	36.284
68.55	10.82	29.416	36.570
89.12	-12.04	26.739	34.611
84.37	-17.90	26.412	35.088
136.99	-41.98	11.975	34.965
87.99	-17.69	9999.000	9999.000
134.66	-44.56	9.745	34.569
44.46	-32.76	18.326	35.597
91.60	0.78	29.034	33.135
57.70	8.62	28.202	35.919
24.11	-37.79	18.633	35.643
74.50	1.53	28.832	35.714
40.48	-47.00	3.695	33.767
101.47	-10.87	26.689	34.293
54.11	2.09	27.948	35.515
38.79	-21.82	9999.000	9999.000
126.63	-42.86	10.310	34.695
92.56	-54.31	2.238	34.006
71.53	10.36	29.722	36.704
84.75	-16.68	26.103	35.019
60.85	-23.08	25.175	35.206
54.12	-50.64	2.704	33.744
104.12	-35.15	15.315	35.622
34.08	-26.30	9999.000	9999.000
49.27	-19.67	25.625	35.041
128.96	-53.52	4.269	34.001
73.36	6.81	29.132	35.822
115.38	-37.31	14.298	35.429
40.81	-21.26	25.869	35.196
121.73	-55.55	2.073	33.910
52.26	-40.97	16.367	35.588
65.47	-50.42	2.529	33.819
47.55	-30.05	33.965	35.840
76.51	-41.41	12.883	35.143
70.86	-52.65	1.790	33.884
53.92	-14.76	26.353	35.044
43.44	-47.91	3.447	33.774
90.65	-50.81	3.567	33.920
59.69	15.68	27.836	36.202
115.41	-37.15	14.259	35.404
85.22	-56.45	0.383	33.983
141.38	-41.22	12.898	35.201
113.18	-19.99	24.355	34.943
86.76	-54.92	0.995	34.090
129.15	-60.68	0.126	33.932
71.10	9.28	29.336	35.599
117.85	-14.31	28.072	34.245
110.65	-34.41	15.360	35.568
103.80	-49.57	3.527	33.949
88.86	-19.90	23.613	35.005
28.50	-39.05	18.509	35.603
88.97	12.75	29.112	33.428
85.77	14.73	29.022	32.491
91.42	13.30	29.326	32.121
87.08	14.12	28.934	32.491
79.47	1.94	9999.000	9999.000
67.23	-15.61	26.291	35.116
67.31	11.66	29.611	36.674
120.66	-46.68	8.601	34.545
54.99	-33.01	18.924	35.656
78.64	-11.87	27.660	34.826
23.18	-44.78	10.771	34.716
100.91	-25.78	20.601	35.533
66.07	11.32	28.969	36.482
109.89	-37.85	12.502	35.028
41.32	-16.22	26.559	35.150
85.47	-36.91	15.061	35.226
91.79	-52.05	2.465	33.963
112.46	-31.99	18.770	37.108
96.95	-22.27	22.793	34.963
86.18	-2.53	28.749	34.711
67.41	-52.83	1.984	33.845
69.97	-20.23	25.057	35.065
33.78	-32.66	21.610	29.093
41.83	-1.77	26.423	35.306
59.57	-2.93	27.777	35.364
104.19	-36.78	12.606	34.976
56.06	-6.24	28.623	35.119
98.61	-24.67	20.807	35.412
119.04	-14.05	27.856	34.246
95.35	-54.19	1.703	33.979
121.80	-36.95	15.089	35.479
66.70	21.97	9999.000	9999.000
87.63	-47.07	7.273	34.133
96.85	-28.97	19.349	35.865
129.11	-38.75	12.673	34.997
81.66	-0.24	29.188	35.039
82.90	16.34	29.505	30.851
92.92	-10.64	26.717	34.258
88.62	1.48	28.817	34.609
68.87	6.30	29.483	36.393
99.55	-45.39	9.892	34.753
106.83	-7.74	27.914	34.332
43.43	-50.64	1.854	33.868
21.06	-51.67	0.779	33.965
121.90	-43.50	9.910	34.646
20.82	-51.90	0.431	34.031
24.42	-51.22	1.719	33.909
96.14	-61.66	9999.000	9999.000
118.64	-13.82	28.453	34.248
54.00	-55.78	0.917	33.909
37.82	19.77	30.342	39.534
96.23	-38.59	12.472	35.021
134.64	-41.11	12.149	35.054
72.20	-22.88	23.795	35.507
61.65	-15.44	26.126	34.967
72.75	3.59	29.168	35.878
31.17	-50.42	3.000	33.846
97.70	-55.62	0.719	34.051
22.49	-38.48	20.129	35.499
114.43	-37.69	13.134	23.277
86.37	-2.71	28.674	34.674
53.95	-34.11	17.837	35.590
80.92	4.64	28.674	33.984
67.97	14.41	29.085	36.454
141.80	-63.20	-1.502	33.934
86.73	-43.61	9.676	32.948
43.05	-45.27	5.995	33.745
37.86	19.95	30.119	39.487
78.76	-23.41	23.417	35.299
138.44	-40.28	12.574	34.909
83.85	-45.21	9.739	34.514
64.67	15.45	28.146	35.902
81.13	-47.38	4.275	33.777
144.29	-50.68	9.105	34.588
82.64	0.06	28.831	35.379
105.88	-31.45	17.625	35.878
96.38	-16.83	25.125	34.473
48.21	-41.12	10.141	34.583
38.66	-45.46	5.840	33.793
142.50	-39.91	13.971	35.349
100.13	-55.80	0.828	34.020
86.92	3.90	28.944	33.817
133.29	-41.92	11.073	34.791
97.54	-17.14	25.388	34.434
91.51	-32.36	16.888	35.335
139.97	-47.77	9.167	34.576
36.68	23.20	28.057	40.151
89.35	18.50	28.577	31.358
125.50	-40.86	10.944	34.804
120.71	-42.19	10.412	34.686
92.69	1.84	28.870	32.932
79.53	2.65	28.735	35.169
50.59	0.78	28.979	35.711
52.42	7.83	28.354	35.812
98.70	-26.92	20.824	35.426
37.99	-26.21	22.146	35.435
88.36	-20.05	23.764	34.927
46.81	12.52	26.604	35.880
44.85	-57.64	-1.248	33.884
86.87	-18.80	25.244	34.883
66.80	-10.64	27.586	34.778
139.89	-41.12	13.182	35.398
85.98	-59.43	-1.637	34.134
89.30	-39.69	12.312	34.988
103.89	-45.73	9.686	34.714
91.62	-40.39	11.885	34.966
45.55	-2.77	27.926	35.473
59.94	-7.35	28.474	34.964
86.64	-36.78	14.912	35.519
66.54	-2.24	28.427	35.414
53.02	-9.08	28.346	35.042
39.96	18.72	31.177	38.881
39.03	-47.53	3.788	33.747
57.57	-12.44	27.172	35.134
59.92	3.40	28.847	35.955
77.93	-17.10	25.718	35.051
80.63	-1.31	28.777	35.207
33.34	-38.13	15.098	35.375
20.57	-51.44	1.201	33.939
20.37	-48.62	3.389	33.806
139.28	-61.45	-0.660	33.903
52.73	-9.66	28.007	35.144
126.00	-56.34	2.454	33.911
84.35	-1.26	28.495	34.924
92.26	-15.33	25.309	34.543
86.93	-55.12	0.911	34.077
84.65	-56.83	0.335	33.977
132.62	-44.11	9.894	34.646
69.04	11.21	9999.000	9999.000
33.68	-29.81	22.839	35.381
54.23	-22.70	25.436	35.171
130.21	-35.23	15.688	35.461
111.69	-48.06	8.253	34.496
115.71	-16.45	27.460	34.323
91.76	-49.38	5.951	34.020
143.88	-44.87	11.395	35.026
130.60	-40.19	11.991	34.968
46.88	-39.79	16.708	35.589
70.85	-52.65	1.636	33.878
60.74	-37.32	17.124	35.556
97.42	-52.67	2.637	33.944
67.89	12.67	29.415	36.733
41.97	-35.56	16.766	35.535
65.94	19.81	28.731	36.789
38.97	-35.27	18.065	35.626
116.72	-58.78	0.962	33.973
91.21	-51.27	2.800	33.958
93.13	-54.61	2.343	34.003
103.68	-49.32	3.580	33.954
122.78	-49.37	9999.000	9999.000
103.20	-17.29	24.420	34.486
76.25	-15.70	25.662	34.963
91.44	-23.23	21.552	35.505
73.57	-27.57	23.070	35.575
133.34	-51.60	7.193	34.303
137.38	-54.48	4.178	33.971
92.46	5.29	28.955	33.189
142.13	-47.89	9.277	34.592
89.97	-27.26	20.879	35.772
37.58	-24.45	25.560	35.247
60.53	8.82	28.803	36.052
119.64	-14.40	28.813	34.344
98.51	-20.59	23.886	34.627
115.73	-15.17	27.478	34.296
63.14	-0.64	27.850	35.454
94.73	-27.29	19.747	35.897
119.37	-39.34	11.869	34.866
97.33	-10.07	27.328	34.250
89.45	15.34	28.595	32.628
115.73	-12.44	29.077	34.226
57.01	3.76	28.377	35.621
91.54	0.75	28.595	33.714
106.51	-34.87	14.180	35.278
93.90	-63.91	9999.000	9999.000
66.82	10.33	29.714	36.576
98.39	-6.84	28.111	33.713
58.94	-37.84	15.311	35.434
33.59	-43.59	10.780	34.770
60.71	-16.98	26.087	34.964
67.11	-42.65	12.209	34.793
63.95	15.48	28.248	35.872
73.77	-6.78	28.674	34.627
84.56	-31.41	19.755	31.352
96.38	-40.20	11.349	34.901
63.16	0.12	27.944	35.489
136.56	-41.53	11.841	34.947
78.91	-28.46	21.712	35.908
36.14	-49.47	2.118	33.886
84.71	-12.54	27.651	34.601
129.07	-57.66	1.300	33.894
37.25	-27.81	21.879	35.396
130.71	-36.54	14.662	35.376
82.25	-43.38	11.119	34.857
82.99	-28.25	21.955	35.718
86.27	-0.46	28.756	35.158
74.46	0.67	28.529	35.333
90.33	1.37	28.454	33.670
84.47	-9.86	27.380	34.301
98.63	-7.88	27.650	34.358
107.37	-14.74	26.724	34.401
94.75	4.99	29.135	33.227
108.98	-24.33	22.339	35.119
78.86	-54.40	0.039	0.001
84.39	3.21	28.534	34.774
144.50	-61.97	-1.217	33.952
100.31	-29.59	19.202	35.919
76.21	-58.28	-1.771	34.037
48.94	-37.88	15.639	35.511
138.75	-37.73	14.493	35.458
47.72	12.32	27.762	36.463
85.44	-53.72	2.198	33.979
66.33	14.51	29.052	36.323
26.45	-45.44	6.065	33.801
55.98	-29.76	22.234	35.476
99.83	-39.27	12.011	35.004
70.71	-12.29	27.360	35.039
37.65	-31.93	21.669	35.453
66.34	-55.02	1.423	33.886
107.76	-64.29	9999.000	9999.000
66.85	10.48	29.693	36.613
110.32	-34.79	16.706	35.744
121.75	-38.93	12.842	28.666
109.98	-32.91	18.138	35.833
85.54	-1.15	28.589	35.067
69.22	18.36	29.818	0.000
31.92	-39.21	15.299	35.462
20.88	-35.93	17.783	35.440
50.15	-18.25	25.919	35.125
114.37	-55.49	2.187	33.975
66.86	-66.28	9999.000	9999.000
113.59	-44.03	9.954	34.759
100.61	-8.72	27.323	34.341
53.41	-41.71	11.726	34.702
77.01	-41.42	12.772	35.087
92.53	5.27	28.982	33.227
49.40	-4.78	9999.000	9999.000
87.43	-42.30	11.939	23.353
67.16	-61.33	-1.780	33.830
110.37	-17.81	24.991	34.863
23.59	-44.05	9.115	34.252
66.06	11.20	29.158	36.501
97.45	-55.57	0.676	34.051
87.76	3.93	28.748	34.065
37.19	-51.79	1.853	33.893
82.65	11.47	28.857	32.840
105.68	-35.31	14.399	35.367
24.38	-35.34	20.325	35.546
114.46	-42.94	10.109	34.700
63.26	-6.30	28.978	35.159
82.18	-1.00	0.199	0.703
84.36	-4.03	28.618	34.584
73.72	-35.29	18.238	35.618
68.96	-7.13	28.941	34.748
40.02	-25.28	24.145	35.374
56.92	-35.09	9999.000	9999.000
93.96	-29.97	18.362	35.749
32.60	-65.61	9999.000	9999.000
22.41	-49.01	2.910	33.839
109.19	-15.58	27.053	31.428
115.99	-15.32	26.584	34.416
65.79	13.29	29.055	36.615
120.32	-35.83	15.854	35.523
69.87	17.18	9999.000	9999.000
88.26	0.57	28.603	35.125
69.55	18.89	9999.000	9999.000
72.18	14.04	9999.000	9999.000
130.53	-34.90	16.058	35.556
68.88	15.39	29.271	35.683
52.63	-15.78	26.476	35.114
110.00	-31.48	16.938	35.771
76.37	-27.31	22.294	35.786
108.45	-21.75	23.008	34.802
67.59	17.26	9999.000	9999.000
37.88	19.94	30.042	39.523
67.99	17.32	9999.000	9999.000
77.31	-30.93	20.275	35.877
108.91	-32.45	18.067	35.830
65.58	21.50	9999.000	9999.000
70.36	-40.51	13.926	35.242
89.73	-11.44	26.987	34.349
132.40	-35.54	14.990	35.347
76.76	-20.69	9999.000	9999.000
82.28	-16.23	26.206	35.157
92.68	-41.81	11.718	34.951
105.92	-12.17	27.308	34.377
66.34	9.65	29.869	36.627
132.92	-59.03	0.932	33.898
125.37	-42.59	10.040	34.629
85.36	-18.48	24.693	35.136
95.77	-50.89	4.040	33.980
73.84	-21.29	23.946	35.226
133.74	-39.56	12.588	35.085
80.87	0.10	28.711	35.238
41.04	-4.72	27.808	35.414
77.04	-10.96	28.452	34.565
30.74	-47.20	5.919	33.956
61.05	23.00	27.692	36.819
36.79	23.13	28.361	39.973
61.48	15.52	28.488	35.900
38.35	-36.29	17.967	35.665
49.25	-36.06	16.763	35.602
102.31	-38.20	12.640	35.104
99.98	-30.64	18.555	35.926
37.78	-32.29	21.848	35.457
58.30	2.96	0.198	0.704
141.99	-50.07	8.979	34.548
60.43	-0.03	9999.000	9999.000
40.35	-20.09	25.395	35.322
107.06	-12.30	27.460	34.275
101.17	-40.09	12.175	35.166
62.76	11.15	29.082	36.432
42.14	-41.88	12.812	35.085
76.23	-22.23	23.290	35.404
43.37	-34.87	17.041	35.579
51.55	-25.17	25.297	35.170
110.00	-31.48	17.194	35.748
119.33	-42.22	10.913	34.778
111.76	-46.46	9.823	34.831
82.36	-13.57	27.391	34.951
137.22	-61.21	-0.537	33.952
50.58	-1.56	27.296	35.344
104.08	-49.25	3.700	33.942
92.56	5.26	28.978	33.175
47.73	12.64	27.586	36.538
70.39	17.19	29.398	35.678
117.38	-51.49	2.660	33.950
69.06	-37.51	15.845	35.345
23.02	-40.97	12.955	34.919
44.10	-30.35	19.508	31.603
86.71	-55.37	0.191	34.102
93.75	-54.84	2.332	34.010
66.19	11.98	29.312	36.701
97.87	-12.14	27.437	34.396
84.48	-57.16	0.298	33.981
31.51	-42.05	13.088	35.118
78.04	-25.43	22.828	35.480
78.99	-21.38	24.773	35.139
94.88	-21.55	23.529	34.781
83.33	12.70	28.822	33.180
108.08	-44.28	9.968	34.752
85.67	-52.85	3.580	33.846
71.55	10.28	29.759	36.597
103.70	-7.21	28.984	33.834
140.21	-47.60	9.220	34.574
143.90	-47.48	9.579	34.617
70.84	-52.70	1.634	33.881
73.79	-8.79	28.457	34.828
85.74	4.80	29.050	34.030
70.20	-36.98	16.430	35.399
74.78	6.03	9999.000	9999.000
84.41	-57.48	0.317	33.974
86.51	-55.53	0.392	34.095
93.99	-6.84	27.911	33.972
68.34	12.95	29.307	36.710
88.77	-27.89	20.102	33.489
64.54	2.57	28.767	35.631
79.56	5.08	28.945	33.514
62.53	-9.36	0.181	0.699
110.16	-31.45	16.178	35.689
66.49	14.40	28.902	36.491
144.39	-48.77	9.093	34.515
92.38	-9.29	26.608	34.272
125.79	-49.12	9.212	34.640
77.25	3.74	0.682	1.772
40.66	-51.53	1.526	33.908
61.98	17.11	9999.000	9999.000
136.24	-40.68	12.116	34.933
126.85	-62.67	9999.000	9999.000
69.25	-1.91	28.398	35.337
58.96	0.92	27.219	35.454
92.16	-16.52	24.709	35.569
89.72	-27.09	21.095	35.623
54.12	10.58	27.911	35.603
111.71	-39.25	12.133	34.933
66.78	22.01	9999.000	9999.000
105.84	-53.13	1.512	33.996
75.72	-5.29	28.880	34.553
79.08	-4.71	28.652	34.421
77.11	-1.74	28.270	34.797
66.70	18.03	28.818	36.722
32.35	-35.91	19.049	35.509
126.30	-61.70	9999.000	9999.000
48.09	-22.91	9999.000	9999.000
73.55	-18.30	25.138	35.065
141.05	-44.13	11.395	34.967
68.51	11.06	29.698	36.669
111.67	-34.99	15.412	35.545
82.29	-61.65	-1.516	33.981
64.41	11.62	28.982	36.341
66.41	-12.26	26.959	34.870
84.63	3.65	28.834	34.824
67.89	-13.72	26.532	34.948
78.76	-41.25	13.018	35.130
115.73	-12.24	29.227	34.229
79.61	-6.59	28.187	28.759
96.64	-27.62	19.967	35.775
92.59	5.30	29.056	33.238
108.02	-31.48	17.455	35.812
121.92	-53.14	4.439	34.147
65.67	17.70	29.086	36.462
116.95	-41.15	11.463	34.848
79.53	2.53	9999.000	9999.000
71.51	-52.13	1.907	33.892
100.21	-36.68	14.683	35.601
64.06	-57.93	0.558	33.948
114.77	-36.96	14.474	35.444
51.75	-19.08	26.723	35.142
88.31	-18.10	25.504	34.942
96.22	-64.51	9999.000	9999.000
106.13	-11.83	27.525	34.300
134.15	-48.66	8.686	34.515
98.25	-52.16	2.703	33.975
118.97	-63.04	-1.273	34.171
57.01	-53.50	1.563	33.866
59.66	-27.12	24.035	35.368
91.51	-29.37	20.178	28.836
42.92	-50.48	1.847	33.866
91.53	-51.09	2.953	33.960
127.24	-51.13	6.424	34.233
30.61	-49.25	9999.000	9999.000
77.71	-13.52	28.513	34.892
45.92	-31.12	20.658	35.527
37.83	19.77	30.136	39.387
134.98	-48.97	8.987	34.587
97.16	-55.53	0.762	34.042
110.56	-39.99	11.480	34.872
70.13	-15.89	9999.000	9999.000
100.28	-17.73	24.286	34.576
58.27	9.26	28.095	36.042
91.32	13.10	28.977	32.450
88.85	12.75	29.014	33.498
85.63	14.93	28.782	32.390
87.10	14.02	28.563	32.751
122.32	-43.25	10.339	34.926
104.97	-20.52	23.797	34.632
85.90	-4.23	28.261	34.255
110.66	-41.81	10.806	34.790
67.97	-10.72	28.463	34.737
79.09	-63.30	-1.680	34.034
100.43	-27.64	19.786	35.779
111.67	-34.99	15.417	35.580
133.73	-51.52	7.185	34.304
77.23	-0.21	28.623	35.266
141.70	-48.18	9.384	34.594
141.73	-47.85	9.474	34.597
100.84	-14.15	26.924	34.324
117.20	-13.63	28.596	34.209
109.75	-41.97	10.269	34.746
74.34	-33.27	18.222	35.524
