72.31	-36.04	9999.000	9999.000
72.07	-24.99	9999.000	9999.000
57.45	10.71	9999.000	9999.000
90.72	8.74	2.662	34.833
62.29	11.45	2.935	34.872
137.63	-42.22	9999.000	9999.000
113.61	-55.54	9999.000	9999.000
40.42	-32.39	2.797	34.719
78.53	-33.87	9999.000	9999.000
77.05	-8.91	2.641	34.787
70.28	-19.61	2.684	32.481
115.03	-16.28	9999.000	9999.000
134.10	-50.71	9999.000	9999.000
93.84	-51.45	1.482	34.737
95.41	-39.18	2.568	34.666
83.30	-0.81	9999.000	9999.000
95.43	-40.77	2.501	34.687
61.60	-5.94	9999.000	9999.000
78.98	-20.49	9999.000	9999.000
42.37	-20.29	9999.000	9999.000
84.54	-37.52	9999.000	9999.000
71.51	10.39	9999.000	9999.000
97.07	-29.21	9999.000	9999.000
102.45	-24.57	9999.000	9999.000
52.92	-31.23	9999.000	9999.000
69.92	-51.66	9999.000	9999.000
109.82	-11.05	9999.000	9999.000
72.33	-15.62	2.863	34.726
82.71	16.21	9999.000	9999.000
81.81	-0.19	9999.000	9999.000
82.31	-7.39	2.598	34.761
69.06	-10.10	2.844	34.757
34.69	-28.82	2.604	34.752
68.98	6.39	9999.000	9999.000
69.70	13.16	9999.000	9999.000
30.65	-36.23	9999.000	9999.000
88.73	-8.13	9999.000	9999.000
88.99	-18.45	2.638	34.740
42.97	-53.21	9999.000	9999.000
63.65	-13.15	9999.000	9999.000
97.77	-54.94	9999.000	9999.000
111.74	-44.15	9999.000	9999.000
104.50	-49.54	9999.000	9999.000
107.39	-44.74	9999.000	9999.000
123.14	-48.59	9999.000	9999.000
81.55	-56.60	9999.000	9999.000
88.35	-57.49	9999.000	9999.000
85.75	-51.41	1.274	34.730
95.58	-45.73	9999.000	9999.000
43.95	-37.62	9999.000	9999.000
48.07	12.24	9999.000	9999.000
104.68	-21.23	9999.000	9999.000
70.88	-52.68	9999.000	9999.000
72.21	-22.76	9999.000	9999.000
50.55	-19.21	9999.000	9999.000
96.54	-51.55	9999.000	9999.000
58.34	24.49	9999.000	9999.000
85.16	-54.64	9999.000	9999.000
91.19	-52.15	9999.000	9999.000
85.99	-55.92	9999.000	9999.000
99.89	-17.70	9999.000	9999.000
106.54	-15.98	9999.000	9999.000
116.64	-39.84	2.521	34.699
135.05	-40.72	2.358	34.732
56.03	-19.21	2.378	34.779
61.84	-8.55	9999.000	9999.000
94.13	-6.78	9999.000	9999.000
77.19	-19.91	9999.000	9999.000
50.59	-29.82	9999.000	9999.000
66.03	-10.65	2.773	34.769
126.28	-48.42	9999.000	9999.000
66.92	10.55	9999.000	9999.000
132.39	-51.47	9999.000	9999.000
76.69	3.35	9999.000	9999.000
61.20	-5.59	9999.000	9999.000
92.04	5.25	9999.000	9999.000
111.22	-41.47	2.589	34.675
141.01	-47.50	9999.000	9999.000
74.00	-44.72	9999.000	9999.000
81.03	-52.97	9999.000	9999.000
96.33	-19.12	9999.000	9999.000
59.45	-4.35	9999.000	9999.000
89.42	18.53	2.818	34.780
72.49	-21.39	2.487	34.720
85.91	-54.76	9999.000	9999.000
85.68	-56.11	9999.000	9999.000
32.08	-31.53	9999.000	9999.000
37.82	19.77	9999.000	9999.000
121.84	-52.15	9999.000	9999.000
94.11	-32.34	2.386	34.712
69.06	-2.85	9999.000	9999.000
48.88	-38.63	9999.000	9999.000
112.33	-11.56	9999.000	9999.000
65.69	-29.85	9999.000	9999.000
55.20	9.83	9999.000	9999.000
65.01	3.46	9999.000	9999.000
60.21	4.31	3.125	34.804
53.06	-10.07	2.409	31.701
104.31	-58.57	9999.000	9999.000
56.61	-20.12	2.369	34.716
75.50	2.62	2.754	35.835
45.64	-35.05	2.538	34.686
66.64	21.93	9999.000	9999.000
131.29	-49.20	9999.000	9999.000
81.25	-1.38	2.824	34.783
75.44	-26.35	9999.000	9999.000
83.30	-4.68	9999.000	9999.000
41.27	-45.13	9999.000	9999.000
93.79	-31.25	9999.000	9999.000
91.20	-8.46	9999.000	9999.000
86.16	3.83	2.934	34.904
86.27	-38.52	9999.000	9999.000
43.90	0.22	9999.000	9999.000
37.85	19.95	9999.000	9999.000
93.55	-16.02	2.473	34.735
106.24	-8.44	9999.000	9999.000
93.19	-34.24	9999.000	9999.000
98.64	-1.92	9999.000	9999.000
84.02	-16.40	9999.000	9999.000
53.97	-12.97	9999.000	9999.000
66.78	17.97	9999.000	9999.000
65.71	13.11	9999.000	9999.000
140.17	-39.38	9999.000	9999.000
51.91	-4.80	9999.000	9999.000
65.05	18.89	9999.000	9999.000
66.30	17.84	9999.000	9999.000
68.54	18.60	3.199	34.866
46.38	-44.75	9999.000	9999.000
99.23	-42.70	9999.000	9999.000
58.89	12.80	9999.000	9999.000
83.57	-53.22	9999.000	9999.000
112.28	-22.00	2.410	34.721
74.38	-9.30	9999.000	9999.000
61.76	22.57	9999.000	9999.000
78.91	-50.82	9999.000	9999.000
54.48	-28.96	9999.000	9999.000
58.80	-26.11	9999.000	9999.000
76.18	-41.35	9999.000	9999.000
92.12	5.25	9999.000	9999.000
59.03	-49.02	1.869	34.765
91.77	1.03	2.661	34.773
101.90	-37.94	9999.000	9999.000
76.91	-6.71	9999.000	9999.000
108.23	-41.53	9999.000	9999.000
48.08	-49.00	9999.000	9999.000
98.12	-55.79	9999.000	9999.000
86.13	-3.15	9999.000	9999.000
56.65	16.37	9999.000	9999.000
137.79	-57.75	1.415	34.735
84.66	-18.33	9999.000	9999.000
48.18	12.31	9999.000	9999.000
69.91	-28.49	9999.000	9999.000
87.88	10.47	9999.000	9999.000
124.56	-47.14	9999.000	9999.000
60.31	-36.11	2.565	34.670
85.96	13.68	9999.000	9999.000
140.82	-53.97	9999.000	9999.000
96.67	-10.43	9999.000	9999.000
48.48	-22.36	9999.000	9999.000
40.28	-22.06	9999.000	9999.000
114.50	-52.21	9999.000	9999.000
20.16	-38.56	2.896	34.704
66.59	14.53	3.114	34.839
135.22	-51.06	2.196	34.724
98.06	-57.78	9999.000	9999.000
126.78	-35.71	9999.000	9999.000
53.03	2.47	2.792	34.795
42.74	-31.14	9999.000	9999.000
48.08	-2.78	2.733	34.773
81.49	-8.50	9999.000	9999.000
54.45	-38.12	9999.000	9999.000
64.28	-13.62	9999.000	9999.000
63.81	10.64	9999.000	9999.000
81.10	-25.12	9999.000	9999.000
53.91	-13.94	2.515	34.729
143.75	-42.21	9999.000	9999.000
58.84	-29.64	9999.000	9999.000
62.84	-45.48	2.421	34.773
27.24	-49.03	9999.000	9999.000
78.38	-33.39	9999.000	9999.000
62.44	10.68	9999.000	9999.000
67.89	15.52	3.143	34.834
67.74	13.65	3.156	34.829
141.09	-53.72	9999.000	9999.000
60.21	3.60	9999.000	9999.000
46.95	-44.86	2.228	34.767
99.95	-41.38	9999.000	9999.000
63.94	2.91	9999.000	9999.000
90.47	1.59	9999.000	9999.000
86.31	-0.50	9999.000	9999.000
74.62	0.64	9999.000	9999.000
58.91	4.77	9999.000	9999.000
126.63	-44.88	9999.000	9999.000
53.47	-57.12	9999.000	9999.000
116.29	-36.76	9999.000	9999.000
54.46	13.33	9999.000	9999.000
65.26	17.51	9999.000	9999.000
97.23	-44.08	2.464	34.707
121.14	-42.68	9999.000	9999.000
44.64	1.62	9999.000	9999.000
68.11	8.44	9999.000	9999.000
88.65	-5.37	9999.000	9999.000
58.46	-5.25	9999.000	9999.000
69.82	-28.93	9999.000	9999.000
70.88	-52.66	9999.000	9999.000
125.75	-34.46	2.336	34.702
61.55	3.00	2.747	35.745
100.60	-18.97	2.557	34.940
107.45	-37.12	9999.000	9999.000
103.68	-7.51	2.540	34.782
64.43	12.40	2.858	34.811
132.58	-47.41	9999.000	9999.000
120.76	-43.00	2.558	34.687
92.23	5.23	9999.000	9999.000
24.25	-46.76	9999.000	9999.000
98.52	-12.38	9999.000	9999.000
82.52	11.54	3.013	34.788
111.85	-29.04	9999.000	9999.000
131.90	-37.79	9999.000	9999.000
35.96	-46.13	9999.000	9999.000
50.49	-5.05	9999.000	9999.000
85.99	-47.47	9999.000	9999.000
112.96	-53.73	1.016	34.726
56.01	-28.87	2.475	0.024
65.59	12.22	9999.000	9999.000
127.14	-34.03	9999.000	9999.000
28.26	-43.91	2.616	34.773
86.18	-44.61	9999.000	9999.000
28.30	-46.48	2.384	34.741
66.03	19.81	9999.000	9999.000
59.08	-36.99	2.643	34.899
29.09	-34.91	2.866	34.711
92.27	-54.00	9999.000	9999.000
78.79	1.48	2.788	34.762
84.81	-28.21	9999.000	9999.000
51.53	-47.09	1.874	34.755
104.24	-49.68	9999.000	9999.000
44.48	-9.98	9999.000	9999.000
81.18	-0.07	2.719	34.805
70.59	-26.91	9999.000	9999.000
71.86	0.72	9999.000	9999.000
139.69	-47.88	9999.000	9999.000
104.45	-14.48	9999.000	9999.000
79.35	-10.80	9999.000	9999.000
109.90	-21.88	9999.000	9999.000
124.00	-55.87	9999.000	9999.000
110.81	-31.05	9999.000	9999.000
56.83	17.42	9999.000	9999.000
99.73	-22.98	9999.000	9999.000
44.42	-12.14	9999.000	9999.000
130.99	-35.45	9999.000	9999.000
88.95	0.95	9999.000	9999.000
47.89	12.30	9999.000	9999.000
114.16	-16.08	2.485	34.716
70.75	-31.80	9999.000	9999.000
65.10	13.65	2.969	34.815
32.31	-47.16	2.304	34.786
111.66	-56.74	1.153	34.725
64.09	-46.09	9999.000	9999.000
115.47	-51.83	9999.000	9999.000
100.75	-27.93	9999.000	9999.000
110.55	-18.04	9999.000	9999.000
48.20	-23.62	2.406	34.731
110.68	-34.04	9999.000	9999.000
117.32	-54.23	9999.000	9999.000
66.66	12.00	9999.000	9999.000
66.91	10.52	9999.000	9999.000
117.40	-11.77	9999.000	9999.000
85.43	-18.65	9999.000	9999.000
64.66	-39.58	2.735	34.634
92.29	5.22	9999.000	9999.000
26.06	-48.52	2.210	34.766
66.33	2.72	2.826	34.783
81.05	0.02	2.721	34.771
47.86	-26.02	2.537	34.722
103.16	-42.45	9999.000	9999.000
78.41	-21.90	2.618	34.752
110.94	-46.26	9999.000	9999.000
61.62	15.42	9999.000	9999.000
96.70	-0.47	2.757	34.777
44.70	-30.67	9999.000	9999.000
107.20	-8.85	9999.000	9999.000
126.38	-44.94	2.498	34.678
99.46	-34.33	9999.000	9999.000
67.29	-22.65	2.266	34.724
65.33	-15.84	2.167	34.756
125.84	-58.78	1.286	34.730
65.78	10.35	9999.000	9999.000
62.60	12.30	9999.000	9999.000
33.81	-48.47	9999.000	9999.000
64.99	-13.68	9999.000	9999.000
53.16	-21.55	9999.000	9999.000
23.65	-49.08	9999.000	9999.000
132.03	-40.23	9999.000	9999.000
27.78	-41.57	9999.000	9999.000
95.87	-16.94	9999.000	9999.000
77.16	-22.89	9999.000	9999.000
138.09	-54.15	1.928	34.748
113.31	-17.13	2.421	34.687
113.22	-21.98	9999.000	9999.000
65.36	17.75	9999.000	9999.000
59.16	12.85	3.025	34.827
132.81	-61.43	9999.000	9999.000
59.84	7.06	2.879	34.807
120.80	-45.91	9999.000	9999.000
105.10	-27.34	9999.000	9999.000
76.52	-1.94	9999.000	9999.000
88.75	-40.08	2.522	34.685
36.49	-35.27	2.755	34.712
71.97	-11.58	9999.000	9999.000
138.19	-49.54	2.432	34.690
72.16	-20.24	2.617	34.724
137.20	-58.03	9999.000	9999.000
53.77	14.44	9999.000	9999.000
76.30	-10.72	9999.000	9999.000
110.68	-34.04	9999.000	9999.000
46.75	12.60	9999.000	9999.000
117.40	-11.77	9999.000	9999.000
82.95	-12.82	9999.000	9999.000
53.32	-12.01	2.580	34.786
100.44	-9.45	9999.000	9999.000
50.66	-35.34	9999.000	9999.000
91.09	-51.64	9999.000	9999.000
42.01	-29.56	9999.000	9999.000
137.26	-41.29	2.305	34.718
97.94	-55.72	9999.000	9999.000
63.78	-40.70	9999.000	9999.000
83.02	13.12	9999.000	9999.000
117.83	-45.32	9999.000	9999.000
66.04	16.64	3.134	34.844
142.99	-52.42	9999.000	9999.000
132.89	-51.57	9999.000	9999.000
110.59	-46.59	9999.000	9999.000
27.67	-52.05	9999.000	9999.000
39.95	18.72	9999.000	9999.000
59.69	11.72	9999.000	9999.000
111.26	-23.08	9999.000	9999.000
143.93	-41.66	9999.000	9999.000
51.20	-24.08	9999.000	9999.000
141.83	-47.45	9999.000	9999.000
136.58	-39.53	9999.000	9999.000
83.15	-13.58	9999.000	9999.000
48.86	-28.61	9999.000	9999.000
90.77	-40.42	9999.000	9999.000
100.79	-29.63	9999.000	9999.000
51.49	-26.41	9999.000	9999.000
61.50	22.87	9999.000	9999.000
96.75	-32.94	9999.000	9999.000
93.05	-1.43	9999.000	9999.000
92.36	5.26	9999.000	9999.000
139.43	-38.90	9999.000	9999.000
94.88	-36.52	2.693	34.667
72.72	-44.26	2.425	34.725
68.96	-16.00	9999.000	9999.000
29.19	-32.42	9999.000	9999.000
60.05	-29.98	9999.000	9999.000
98.08	-26.86	9999.000	9999.000
42.58	-26.41	9999.000	9999.000
92.23	-16.62	9999.000	9999.000
123.76	-56.38	9999.000	9999.000
56.42	-42.27	9999.000	9999.000
47.95	12.49	9999.000	9999.000
79.27	-4.70	9999.000	9999.000
74.76	-5.30	9999.000	9999.000
100.22	-3.98	9999.000	9999.000
76.52	-2.01	9999.000	9999.000
98.48	-35.78	2.462	34.714
94.31	-13.71	9999.000	9999.000
64.42	11.47	9999.000	9999.000
68.55	10.82	9999.000	9999.000
89.12	-12.04	2.557	35.050
84.37	-17.90	2.595	34.738
136.99	-41.98	9999.000	9999.000
87.99	-17.69	9999.000	9999.000
134.66	-44.56	9999.000	9999.000
44.46	-32.76	9999.000	9999.000
91.60	0.78	2.804	34.779
57.70	8.62	9999.000	9999.000
24.11	-37.79	9999.000	9999.000
74.50	1.53	9999.000	9999.000
40.48	-47.00	9999.000	9999.000
101.47	-10.87	9999.000	9999.000
54.11	2.09	9999.000	9999.000
38.79	-21.82	9999.000	9999.000
126.63	-42.86	9999.000	9999.000
92.56	-54.31	1.549	34.770
71.53	10.36	9999.000	9999.000
84.75	-16.68	2.585	34.758
60.85	-23.08	9999.000	9999.000
54.12	-50.64	9999.000	9999.000
104.12	-35.15	9999.000	9999.000
34.08	-26.30	9999.000	9999.000
49.27	-19.67	9999.000	9999.000
128.96	-53.52	9999.000	9999.000
73.36	6.81	9999.000	9999.000
115.38	-37.31	9999.000	9999.000
40.81	-21.26	9999.000	9999.000
121.73	-55.55	9999.000	9999.000
52.26	-40.97	9999.000	9999.000
65.47	-50.42	1.699	34.756
47.55	-30.05	9999.000	9999.000
76.51	-41.41	9999.000	9999.000
70.86	-52.65	9999.000	9999.000
53.92	-14.76	2.444	34.735
43.44	-47.91	9999.000	9999.000
90.65	-50.81	9999.000	9999.000
59.69	15.68	9999.000	9999.000
115.41	-37.15	2.635	34.659
85.22	-56.45	9999.000	9999.000
141.38	-41.22	9999.000	9999.000
113.18	-19.99	9999.000	9999.000
86.76	-54.92	9999.000	9999.000
129.15	-60.68	9999.000	9999.000
71.10	9.28	9999.000	9999.000
117.85	-14.31	9999.000	9999.000
110.65	-34.41	2.252	34.717
103.80	-49.57	9999.000	9999.000
88.86	-19.90	9999.000	9999.000
28.50	-39.05	9999.000	9999.000
88.97	12.75	9999.000	9999.000
85.77	14.73	9999.000	9999.000
91.42	13.30	9999.000	9999.000
87.08	14.12	2.804	34.783
79.47	1.94	9999.000	9999.000
67.23	-15.61	9999.000	9999.000
67.31	11.66	9999.000	9999.000
120.66	-46.68	9999.000	9999.000
54.99	-33.01	2.585	34.688
78.64	-11.87	9999.000	9999.000
23.18	-44.78	2.661	34.800
100.91	-25.78	2.511	34.713
66.07	11.32	4.289	34.762
109.89	-37.85	2.516	34.680
41.32	-16.22	9999.000	9999.000
85.47	-36.91	9999.000	9999.000
91.79	-52.05	1.509	34.738
112.46	-31.99	9999.000	9999.000
96.95	-22.27	9999.000	9999.000
86.18	-2.53	9999.000	9999.000
67.41	-52.83	9999.000	9999.000
69.97	-20.23	9999.000	9999.000
33.78	-32.66	9999.000	9999.000
41.83	-1.77	9999.000	9999.000
59.57	-2.93	9999.000	9999.000
104.19	-36.78	9999.000	9999.000
56.06	-6.24	9999.000	9999.000
98.61	-24.67	9999.000	9999.000
119.04	-14.05	9999.000	9999.000
95.35	-54.19	9999.000	9999.000
121.80	-36.95	2.399	34.691
66.70	21.97	9999.000	9999.000
87.63	-47.07	2.369	34.740
96.85	-28.97	9999.000	9999.000
129.11	-38.75	2.345	34.696
81.66	-0.24	3.009	34.684
82.90	16.34	9999.000	9999.000
92.92	-10.64	9999.000	9999.000
88.62	1.48	9999.000	9999.000
68.87	6.30	9999.000	9999.000
99.55	-45.39	9999.000	9999.000
106.83	-7.74	9999.000	9999.000
43.43	-50.64	9999.000	9999.000
21.06	-51.67	0.871	34.697
121.90	-43.50	2.535	34.665
20.82	-51.90	0.760	34.697
24.42	-51.22	1.265	34.726
96.14	-61.66	9999.000	9999.000
118.64	-13.82	9999.000	9999.000
54.00	-55.78	1.086	34.711
37.82	19.77	9999.000	9999.000
96.23	-38.59	9999.000	9999.000
134.64	-41.11	9999.000	9999.000
72.20	-22.88	9999.000	9999.000
61.65	-15.44	9999.000	9999.000
72.75	3.59	9999.000	9999.000
31.17	-50.42	1.919	34.799
97.70	-55.62	9999.000	9999.000
22.49	-38.48	2.883	34.725
114.43	-37.69	9999.000	9999.000
86.37	-2.71	9999.000	9999.000
53.95	-34.11	2.566	34.665
80.92	4.64	2.758	34.783
67.97	14.41	9999.000	9999.000
141.80	-63.20	0.735	34.702
86.73	-43.61	9999.000	9999.000
43.05	-45.27	9999.000	9999.000
37.86	19.95	9999.000	9999.000
78.76	-23.41	9999.000	9999.000
138.44	-40.28	9999.000	9999.000
83.85	-45.21	9999.000	9999.000
64.67	15.45	3.189	34.850
81.13	-47.38	1.852	34.756
144.29	-50.68	9999.000	9999.000
82.64	0.06	2.750	34.822
105.88	-31.45	9999.000	9999.000
96.38	-16.83	9999.000	9999.000
48.21	-41.12	2.376	34.734
38.66	-45.46	9999.000	9999.000
142.50	-39.91	9999.000	9999.000
100.13	-55.80	9999.000	9999.000
86.92	3.90	2.747	34.781
133.29	-41.92	2.373	34.691
97.54	-17.14	9999.000	9999.000
91.51	-32.36	9999.000	9999.000
139.97	-47.77	9999.000	9999.000
36.68	23.20	9999.000	9999.000
89.35	18.50	2.801	34.780
125.50	-40.86	9999.000	9999.000
120.71	-42.19	9999.000	9999.000
92.69	1.84	2.803	34.779
79.53	2.65	9999.000	9999.000
50.59	0.78	9999.000	9999.000
52.42	7.83	2.672	34.800
98.70	-26.92	9999.000	9999.000
37.99	-26.21	9999.000	9999.000
88.36	-20.05	9999.000	9999.000
46.81	12.52	9999.000	9999.000
44.85	-57.64	9999.000	9999.000
86.87	-18.80	9999.000	9999.000
66.80	-10.64	2.555	34.762
139.89	-41.12	9999.000	9999.000
85.98	-59.43	9999.000	9999.000
89.30	-39.69	2.498	34.682
103.89	-45.73	2.267	34.731
91.62	-40.39	9999.000	9999.000
45.55	-2.77	2.528	34.803
59.94	-7.35	2.739	34.758
86.64	-36.78	9999.000	9999.000
66.54	-2.24	2.767	34.769
53.02	-9.08	9999.000	9999.000
39.96	18.72	9999.000	9999.000
39.03	-47.53	9999.000	9999.000
57.57	-12.44	9999.000	9999.000
59.92	3.40	9999.000	9999.000
77.93	-17.10	2.584	34.729
80.63	-1.31	9999.000	9999.000
33.34	-38.13	2.650	34.800
20.57	-51.44	0.992	34.706
20.37	-48.62	1.914	34.759
139.28	-61.45	9999.000	9999.000
52.73	-9.66	9999.000	9999.000
126.00	-56.34	1.508	34.742
84.35	-1.26	2.770	34.802
92.26	-15.33	2.562	34.737
86.93	-55.12	9999.000	9999.000
84.65	-56.83	9999.000	9999.000
132.62	-44.11	9999.000	9999.000
69.04	11.21	9999.000	9999.000
33.68	-29.81	9999.000	9999.000
54.23	-22.70	9999.000	9999.000
130.21	-35.23	9999.000	9999.000
111.69	-48.06	9999.000	9999.000
115.71	-16.45	9999.000	9999.000
91.76	-49.38	9999.000	9999.000
143.88	-44.87	9999.000	9999.000
130.60	-40.19	2.370	34.698
46.88	-39.79	2.712	34.679
70.85	-52.65	9999.000	9999.000
60.74	-37.32	2.689	34.661
97.42	-52.67	9999.000	9999.000
67.89	12.67	9999.000	9999.000
41.97	-35.56	9999.000	9999.000
65.94	19.81	9999.000	9999.000
38.97	-35.27	9999.000	9999.000
116.72	-58.78	9999.000	9999.000
91.21	-51.27	9999.000	9999.000
93.13	-54.61	9999.000	9999.000
103.68	-49.32	9999.000	9999.000
122.78	-49.37	2.268	34.727
103.20	-17.29	9999.000	9999.000
76.25	-15.70	9999.000	9999.000
91.44	-23.23	9999.000	9999.000
73.57	-27.57	9999.000	9999.000
133.34	-51.60	9999.000	9999.000
137.38	-54.48	9999.000	9999.000
92.46	5.29	9999.000	9999.000
142.13	-47.89	9999.000	9999.000
89.97	-27.26	9999.000	9999.000
37.58	-24.45	9999.000	9999.000
60.53	8.82	9999.000	9999.000
119.64	-14.40	9999.000	9999.000
98.51	-20.59	9999.000	9999.000
115.73	-15.17	2.451	34.720
63.14	-0.64	9999.000	9999.000
94.73	-27.29	9999.000	9999.000
119.37	-39.34	9999.000	9999.000
97.33	-10.07	2.567	34.750
89.45	15.34	9999.000	9999.000
115.73	-12.44	9999.000	9999.000
57.01	3.76	9999.000	9999.000
91.54	0.75	2.697	34.774
106.51	-34.87	9999.000	9999.000
93.90	-63.91	9999.000	9999.000
66.82	10.33	3.077	34.814
98.39	-6.84	2.603	34.751
58.94	-37.84	9999.000	9999.000
33.59	-43.59	9999.000	9999.000
60.71	-16.98	9999.000	9999.000
67.11	-42.65	9999.000	9999.000
63.95	15.48	9999.000	9999.000
73.77	-6.78	9999.000	9999.000
84.56	-31.41	9999.000	9999.000
96.38	-40.20	9999.000	9999.000
63.16	0.12	9999.000	9999.000
136.56	-41.53	9999.000	9999.000
78.91	-28.46	9999.000	9999.000
36.14	-49.47	9999.000	9999.000
84.71	-12.54	9999.000	9999.000
129.07	-57.66	9999.000	9999.000
37.25	-27.81	9999.000	9999.000
130.71	-36.54	9999.000	9999.000
82.25	-43.38	9999.000	9999.000
82.99	-28.25	9999.000	9999.000
86.27	-0.46	9999.000	9999.000
74.46	0.67	2.897	34.777
90.33	1.37	9999.000	9999.000
84.47	-9.86	9999.000	9999.000
98.63	-7.88	9999.000	9999.000
107.37	-14.74	9999.000	9999.000
94.75	4.99	4.664	34.910
108.98	-24.33	9999.000	9999.000
78.86	-54.40	9999.000	9999.000
84.39	3.21	2.904	34.785
144.50	-61.97	9999.000	9999.000
100.31	-29.59	9999.000	9999.000
76.21	-58.28	9999.000	9999.000
48.94	-37.88	9999.000	9999.000
138.75	-37.73	2.275	34.713
47.72	12.32	9999.000	9999.000
85.44	-53.72	9999.000	9999.000
66.33	14.51	3.110	34.845
26.45	-45.44	9999.000	9999.000
55.98	-29.76	9999.000	9999.000
99.83	-39.27	9999.000	9999.000
70.71	-12.29	9999.000	9999.000
37.65	-31.93	9999.000	9999.000
66.34	-55.02	9999.000	9999.000
107.76	-64.29	9999.000	9999.000
66.85	10.48	9999.000	9999.000
110.32	-34.79	9999.000	9999.000
121.75	-38.93	9999.000	9999.000
109.98	-32.91	9999.000	9999.000
85.54	-1.15	9999.000	9999.000
69.22	18.36	9999.000	9999.000
31.92	-39.21	9999.000	9999.000
20.88	-35.93	9999.000	9999.000
50.15	-18.25	9999.000	9999.000
114.37	-55.49	9999.000	9999.000
66.86	-66.28	9999.000	9999.000
113.59	-44.03	9999.000	9999.000
100.61	-8.72	9999.000	9999.000
53.41	-41.71	2.409	34.732
77.01	-41.42	9999.000	9999.000
92.53	5.27	9999.000	9999.000
49.40	-4.78	9999.000	9999.000
87.43	-42.30	9999.000	9999.000
67.16	-61.33	0.924	34.712
110.37	-17.81	9999.000	9999.000
23.59	-44.05	2.679	34.787
66.06	11.20	9999.000	9999.000
97.45	-55.57	9999.000	9999.000
87.76	3.93	2.776	34.783
37.19	-51.79	1.372	34.741
82.65	11.47	9999.000	9999.000
105.68	-35.31	9999.000	9999.000
24.38	-35.34	9999.000	9999.000
114.46	-42.94	9999.000	9999.000
63.26	-6.30	9999.000	9999.000
82.18	-1.00	9999.000	9999.000
84.36	-4.03	9999.000	9999.000
73.72	-35.29	9999.000	9999.000
68.96	-7.13	9999.000	9999.000
40.02	-25.28	2.687	13.039
56.92	-35.09	9999.000	9999.000
93.96	-29.97	9999.000	9999.000
32.60	-65.61	9999.000	9999.000
22.41	-49.01	1.756	34.756
109.19	-15.58	9999.000	9999.000
115.99	-15.32	9999.000	9999.000
65.79	13.29	3.027	34.832
120.32	-35.83	9999.000	9999.000
69.87	17.18	9999.000	9999.000
88.26	0.57	9999.000	9999.000
69.55	18.89	9999.000	9999.000
72.18	14.04	9999.000	9999.000
130.53	-34.90	9999.000	9999.000
68.88	15.39	9999.000	9999.000
52.63	-15.78	9999.000	9999.000
110.00	-31.48	9999.000	9999.000
76.37	-27.31	9999.000	9999.000
108.45	-21.75	2.401	34.719
67.59	17.26	9999.000	9999.000
37.88	19.94	9999.000	9999.000
67.99	17.32	9999.000	9999.000
77.31	-30.93	2.401	34.722
108.91	-32.45	2.362	34.698
65.58	21.50	9999.000	9999.000
70.36	-40.51	9999.000	9999.000
89.73	-11.44	9999.000	9999.000
132.40	-35.54	2.268	34.708
76.76	-20.69	9999.000	9999.000
82.28	-16.23	2.690	34.769
92.68	-41.81	9999.000	9999.000
105.92	-12.17	2.507	34.731
66.34	9.65	3.038	34.814
132.92	-59.03	1.378	34.735
125.37	-42.59	9999.000	9999.000
85.36	-18.48	9999.000	9999.000
95.77	-50.89	1.801	34.766
73.84	-21.29	2.671	34.737
133.74	-39.56	9999.000	9999.000
80.87	0.10	9999.000	9999.000
41.04	-4.72	9999.000	9999.000
77.04	-10.96	9999.000	9999.000
30.74	-47.20	9999.000	9999.000
61.05	23.00	9999.000	9999.000
36.79	23.13	9999.000	9999.000
61.48	15.52	9999.000	9999.000
38.35	-36.29	9999.000	9999.000
49.25	-36.06	2.626	34.665
102.31	-38.20	9999.000	9999.000
99.98	-30.64	9999.000	9999.000
37.78	-32.29	9999.000	9999.000
58.30	2.96	9999.000	9999.000
141.99	-50.07	2.490	34.675
60.43	-0.03	9999.000	9999.000
40.35	-20.09	9999.000	9999.000
107.06	-12.30	9999.000	9999.000
101.17	-40.09	2.428	34.698
62.76	11.15	2.840	34.824
42.14	-41.88	9999.000	9999.000
76.23	-22.23	9999.000	9999.000
43.37	-34.87	9999.000	9999.000
51.55	-25.17	9999.000	9999.000
110.00	-31.48	9999.000	9999.000
119.33	-42.22	9999.000	9999.000
111.76	-46.46	9999.000	9999.000
82.36	-13.57	2.644	34.740
137.22	-61.21	9999.000	9999.000
50.58	-1.56	9999.000	9999.000
104.08	-49.25	9999.000	9999.000
92.56	5.26	9999.000	9999.000
47.73	12.64	9999.000	9999.000
70.39	17.19	9999.000	9999.000
117.38	-51.49	9999.000	9999.000
69.06	-37.51	2.683	34.650
23.02	-40.97	2.704	34.824
44.10	-30.35	9999.000	9999.000
86.71	-55.37	9999.000	9999.000
93.75	-54.84	9999.000	9999.000
66.19	11.98	9999.000	9999.000
97.87	-12.14	9999.000	9999.000
84.48	-57.16	9999.000	9999.000
31.51	-42.05	2.608	34.777
78.04	-25.43	9999.000	9999.000
78.99	-21.38	9999.000	9999.000
94.88	-21.55	9999.000	9999.000
83.33	12.70	9999.000	9999.000
108.08	-44.28	2.552	34.658
85.67	-52.85	9999.000	9999.000
71.55	10.28	9999.000	9999.000
103.70	-7.21	9999.000	9999.000
140.21	-47.60	9999.000	9999.000
143.90	-47.48	2.465	34.673
70.84	-52.70	9999.000	9999.000
73.79	-8.79	9999.000	9999.000
85.74	4.80	9999.000	9999.000
70.20	-36.98	9999.000	9999.000
74.78	6.03	9999.000	9999.000
84.41	-57.48	9999.000	9999.000
86.51	-55.53	9999.000	9999.000
93.99	-6.84	9999.000	9999.000
68.34	12.95	9999.000	9999.000
88.77	-27.89	9999.000	9999.000
64.54	2.57	9999.000	9999.000
79.56	5.08	9999.000	9999.000
62.53	-9.36	2.727	34.775
110.16	-31.45	9999.000	9999.000
66.49	14.40	9999.000	9999.000
144.39	-48.77	9999.000	9999.000
92.38	-9.29	2.553	34.770
125.79	-49.12	9999.000	9999.000
77.25	3.74	9999.000	9999.000
40.66	-51.53	1.047	34.723
61.98	17.11	3.149	34.841
136.24	-40.68	2.324	34.706
126.85	-62.67	0.893	34.718
69.25	-1.91	9999.000	9999.000
58.96	0.92	9999.000	9999.000
92.16	-16.52	9999.000	9999.000
89.72	-27.09	9999.000	9999.000
54.12	10.58	2.789	34.819
111.71	-39.25	9999.000	9999.000
66.78	22.01	9999.000	9999.000
105.84	-53.13	9999.000	9999.000
75.72	-5.29	9999.000	9999.000
79.08	-4.71	9999.000	9999.000
77.11	-1.74	9999.000	9999.000
66.70	18.03	9999.000	9999.000
32.35	-35.91	9999.000	9999.000
126.30	-61.70	0.881	34.717
48.09	-22.91	9999.000	9999.000
73.55	-18.30	9999.000	9999.000
141.05	-44.13	9999.000	9999.000
68.51	11.06	9999.000	9999.000
111.67	-34.99	9999.000	9999.000
82.29	-61.65	9999.000	9999.000
64.41	11.62	9999.000	9999.000
66.41	-12.26	2.104	34.722
84.63	3.65	9999.000	9999.000
67.89	-13.72	9999.000	9999.000
78.76	-41.25	9999.000	9999.000
115.73	-12.24	2.470	34.725
79.61	-6.59	2.555	29.467
96.64	-27.62	2.425	34.645
92.59	5.30	9999.000	9999.000
108.02	-31.48	2.379	34.709
121.92	-53.14	9999.000	9999.000
65.67	17.70	9999.000	9999.000
116.95	-41.15	9999.000	9999.000
79.53	2.53	9999.000	9999.000
71.51	-52.13	9999.000	9999.000
100.21	-36.68	9999.000	9999.000
64.06	-57.93	9999.000	9999.000
114.77	-36.96	9999.000	9999.000
51.75	-19.08	2.499	34.718
88.31	-18.10	9999.000	9999.000
96.22	-64.51	9999.000	9999.000
106.13	-11.83	2.525	34.731
134.15	-48.66	9999.000	9999.000
98.25	-52.16	9999.000	9999.000
118.97	-63.04	9999.000	9999.000
57.01	-53.50	9999.000	9999.000
59.66	-27.12	9999.000	9999.000
91.51	-29.37	9999.000	9999.000
42.92	-50.48	9999.000	9999.000
91.53	-51.09	9999.000	9999.000
127.24	-51.13	2.209	34.747
30.61	-49.25	9999.000	9999.000
77.71	-13.52	2.793	34.747
45.92	-31.12	9999.000	9999.000
37.83	19.77	9999.000	9999.000
134.98	-48.97	2.366	34.701
97.16	-55.53	9999.000	9999.000
110.56	-39.99	2.558	34.675
70.13	-15.89	9999.000	9999.000
100.28	-17.73	9999.000	9999.000
58.27	9.26	9999.000	9999.000
91.32	13.10	9999.000	9999.000
88.85	12.75	9999.000	9999.000
85.63	14.93	2.841	35.090
87.10	14.02	2.799	34.784
122.32	-43.25	9999.000	9999.000
104.97	-20.52	9999.000	9999.000
85.90	-4.23	2.671	34.772
110.66	-41.81	9999.000	9999.000
67.97	-10.72	2.833	34.756
79.09	-63.30	9999.000	9999.000
100.43	-27.64	9999.000	9999.000
111.67	-34.99	9999.000	9999.000
133.73	-51.52	9999.000	9999.000
77.23	-0.21	9999.000	9999.000
141.70	-48.18	9999.000	9999.000
141.73	-47.85	9999.000	9999.000
100.84	-14.15	9999.000	9999.000
117.20	-13.63	9999.000	9999.000
109.75	-41.97	9999.000	9999.000
74.34	-33.27	9999.000	9999.000
