94.36	-41.52	11.019	34.899
115.38	-16.10	16.121	35.133
90.78	8.82	12.668	35.091
57.55	9.89	15.342	35.376
62.58	11.38	14.820	35.703
40.40	-32.67	15.544	35.453
78.52	-33.77	13.122	35.184
110.26	-31.46	12.016	35.098
56.24	16.43	13.957	35.677
135.11	-49.48	5.715	34.137
93.94	-51.25	1.719	34.028
70.10	-51.78	1.545	33.979
95.38	-39.53	10.978	34.895
61.34	-5.39	11.707	34.995
51.70	-56.95	1.579	34.438
84.25	-18.04	18.523	35.759
72.22	-23.05	16.365	35.627
42.38	-19.46	15.880	35.359
137.46	-42.43	10.617	34.894
97.76	-1.68	12.336	35.097
85.56	13.91	4.361	15.993
102.30	-24.63	17.122	35.837
107.56	-44.58	9.936	34.752
96.59	-28.71	12.751	35.222
92.65	5.33	12.485	35.069
84.75	-37.66	11.999	35.081
68.58	-10.44	12.371	34.994
53.11	-31.31	15.408	35.511
82.73	-7.58	12.744	34.936
81.52	-0.05	12.383	34.998
83.16	16.41	11.986	35.028
72.43	-15.42	14.762	34.939
34.08	-29.21	15.813	35.475
66.22	-10.11	13.151	35.070
83.02	-0.62	12.890	35.137
59.48	-3.75	11.811	35.039
68.67	6.23	12.528	35.188
78.69	-20.64	19.626	35.711
33.02	-36.63	15.932	35.493
46.88	12.35	14.276	35.675
102.11	-31.43	11.826	35.066
89.06	-18.64	17.703	35.694
69.82	13.22	13.671	35.507
89.25	-8.34	12.990	34.614
43.12	-52.90	1.357	34.325
63.08	23.82	9999.000	9999.000
64.15	-12.68	13.221	28.804
109.75	-9.97	11.212	34.706
96.46	-45.91	5.432	34.148
98.24	-54.51	2.119	34.242
112.28	-45.06	9.983	34.752
122.94	-48.83	6.668	34.279
86.08	-51.40	0.507	34.324
49.81	-29.79	14.116	35.375
50.37	-19.42	17.528	35.450
122.09	-64.00	1.625	34.708
70.95	-52.72	1.460	33.976
77.62	-41.41	12.219	35.127
61.47	-5.26	11.772	35.033
97.61	-52.09	2.291	34.088
65.84	19.74	15.976	36.031
94.02	-54.89	2.067	34.054
106.34	-15.87	13.154	34.930
99.69	-17.78	16.971	35.713
117.01	-40.04	10.357	34.815
55.91	-20.05	19.410	35.604
88.86	-57.66	0.958	34.172
104.33	-49.44	2.969	34.014
134.46	-40.84	11.118	35.028
77.35	-20.12	19.003	35.746
80.97	-52.95	2.089	34.393
109.15	-44.98	10.063	34.782
104.38	-21.41	17.038	35.597
74.56	-45.70	11.146	34.911
110.58	-41.68	9.794	34.688
104.94	-31.49	11.299	34.979
96.06	-19.18	18.477	35.825
89.25	18.42	12.525	35.008
59.13	12.03	13.981	36.189
107.92	-52.83	1.832	34.088
44.25	-10.57	15.158	35.277
56.99	17.50	14.312	35.756
71.30	0.05	12.735	35.131
93.80	-32.42	12.593	35.182
110.38	-31.49	11.402	34.996
92.66	5.34	12.687	35.061
72.55	-21.80	18.627	35.728
122.55	-52.24	4.203	34.157
69.17	-3.61	12.154	35.022
64.92	4.07	12.623	35.207
56.46	-20.52	18.609	35.619
59.17	3.19	11.320	35.023
71.58	10.23	13.132	35.310
52.04	-40.34	15.653	35.541
53.40	-10.33	12.666	31.687
76.75	-8.91	13.897	34.972
31.11	-31.08	14.132	35.345
111.83	-31.64	13.945	35.403
78.17	-10.78	13.453	34.828
75.83	-26.01	15.515	35.528
132.48	-49.86	9.027	34.599
44.90	-34.88	14.141	35.368
86.13	3.87	12.409	35.037
112.38	-12.49	11.122	24.929
76.77	1.84	12.592	36.260
93.41	-15.94	17.602	35.394
81.75	-1.22	12.105	35.073
86.61	-37.72	11.941	35.065
55.76	10.22	9999.000	9999.000
41.12	-45.26	5.215	34.150
82.91	-4.68	4.695	17.503
98.70	-1.87	12.543	35.067
44.63	1.01	12.107	35.082
66.64	18.01	15.160	35.724
53.73	-12.49	14.239	35.163
84.10	-16.70	18.843	35.696
52.21	-4.91	11.293	35.150
91.26	-8.25	11.902	34.891
93.98	-31.22	11.693	35.036
45.86	-44.50	4.939	34.207
58.96	-25.75	16.878	35.569
98.91	-43.05	10.321	34.827
76.63	-6.12	12.673	28.901
106.98	-9.03	11.088	34.690
92.53	-34.62	14.748	35.577
84.18	-53.31	1.125	34.508
68.68	18.57	14.950	35.742
91.53	0.85	12.465	35.089
47.57	12.31	13.472	35.720
64.59	18.98	16.240	36.005
65.42	13.47	14.606	35.600
113.40	-55.82	2.464	34.134
78.65	-50.61	1.526	34.251
73.35	-9.07	13.688	34.951
54.23	-28.91	14.277	35.434
138.12	-57.60	2.277	34.204
112.85	-22.33	16.910	35.720
79.11	-23.33	15.322	35.505
117.09	-41.67	9.817	34.797
101.75	-38.23	10.968	34.916
140.66	-38.98	12.563	35.278
59.02	13.20	14.244	35.370
59.37	-49.36	2.898	34.057
48.28	-48.89	2.381	34.085
96.99	-55.48	1.936	34.354
107.70	-41.58	9.977	34.755
115.60	-37.93	11.135	34.922
70.96	-36.18	12.847	35.236
66.80	10.47	13.066	35.304
69.64	-28.56	14.504	35.419
140.44	-47.39	9.040	34.578
140.61	-53.99	2.391	34.174
71.85	-25.52	17.117	35.674
125.51	-47.21	9.292	34.655
86.11	-3.35	12.243	35.073
59.27	-36.64	13.524	35.342
71.12	-19.75	18.360	33.067
87.70	10.53	12.793	35.031
50.85	-24.89	18.147	35.553
77.65	-0.54	12.486	33.027
91.41	0.59	12.795	35.102
58.91	-29.76	14.842	35.439
52.70	2.22	12.378	35.084
77.87	-33.81	13.169	35.205
39.91	-22.34	14.563	35.310
95.03	1.56	12.677	35.101
67.98	13.49	14.238	35.549
54.92	-38.09	14.490	35.381
136.61	-50.43	7.286	34.326
59.09	11.95	15.064	35.504
124.92	-41.98	9.752	34.711
126.57	-35.65	12.412	35.174
48.46	-22.95	17.048	35.534
115.25	-51.85	2.153	34.327
54.29	-13.30	15.231	35.163
111.50	-23.57	15.573	35.586
47.59	-3.76	11.318	34.981
96.78	-10.46	11.889	34.758
65.67	-44.08	11.669	35.032
143.90	-41.38	11.248	35.026
42.68	-31.26	15.309	35.480
64.03	10.94	13.862	35.606
64.34	-13.29	15.896	35.418
27.71	-49.23	1.792	34.224
104.88	-58.37	1.885	34.519
143.45	-41.80	10.973	34.954
66.81	14.43	15.130	35.730
97.81	-57.63	2.053	34.560
67.69	15.54	14.722	35.655
90.20	1.51	12.735	35.107
86.24	-0.41	12.090	35.071
74.23	0.70	12.679	35.105
140.89	-53.83	2.070	34.173
62.95	10.56	13.742	35.599
46.25	-44.36	4.411	34.148
99.74	-41.74	10.413	34.870
126.41	-45.06	9.424	34.656
97.59	-43.21	9.677	34.693
80.92	-24.85	14.887	35.471
125.56	-34.55	12.407	35.167
65.19	17.75	16.341	39.885
63.86	3.56	12.317	35.146
70.98	-52.74	1.166	33.912
61.39	3.02	12.515	36.017
100.75	-18.85	18.087	35.898
37.88	19.93	21.929	40.577
107.69	-37.01	10.808	34.896
53.64	-57.49	1.762	34.410
93.97	-54.81	2.086	34.036
68.09	8.64	12.827	35.248
88.43	-5.43	11.788	35.000
65.13	12.42	13.907	35.490
133.00	-46.73	8.872	34.552
25.13	-46.04	4.640	34.145
54.48	12.70	14.181	35.609
59.16	4.66	11.722	35.081
121.14	-43.04	9.695	34.727
117.37	-36.70	11.544	34.969
69.65	-28.77	14.717	35.414
85.06	-27.98	14.185	31.861
60.65	22.89	16.471	36.391
111.97	-29.38	11.638	35.033
132.20	-37.60	11.334	35.001
55.49	-29.35	14.838	0.049
87.69	-48.00	7.579	34.356
36.84	23.07	22.001	40.513
113.68	-53.71	1.842	34.367
29.21	-43.86	8.976	34.583
86.48	-43.97	9.940	34.741
86.65	-55.70	1.479	34.428
29.24	-47.10	6.808	34.344
28.65	-34.96	15.913	35.487
35.39	-46.31	6.271	34.115
59.33	-37.59	13.774	35.648
84.72	-57.76	2.124	34.435
126.76	-34.02	12.307	35.129
92.06	-51.06	2.207	34.022
78.83	1.65	12.826	35.097
66.39	12.25	13.851	35.560
104.18	-49.66	2.491	34.043
52.68	-47.10	2.978	34.043
81.20	0.02	12.370	35.113
70.68	-26.55	15.406	35.501
98.38	-12.55	12.977	34.640
134.11	-51.39	6.749	34.286
47.56	12.73	13.658	35.835
50.92	-4.79	10.861	34.949
141.14	-47.97	9.137	34.623
104.37	-14.25	16.353	35.394
82.71	11.25	12.006	35.037
65.65	-30.05	15.097	35.460
123.66	-55.79	2.074	34.165
121.69	-55.42	2.364	34.198
110.29	-37.86	10.604	34.820
44.42	-12.14	9999.000	9999.000
113.14	-20.02	16.659	35.663
41.77	-28.81	15.755	35.514
100.54	-23.33	16.526	35.655
88.95	0.41	11.915	35.088
22.41	-45.44	7.778	34.454
79.78	1.72	9999.000	9999.000
111.32	-56.72	2.128	34.340
115.86	-51.90	2.254	34.348
28.23	-41.90	11.638	34.974
114.34	-16.15	14.529	34.890
100.76	-27.47	13.091	35.281
67.36	11.59	13.791	35.451
47.78	-24.52	14.946	35.443
117.61	-54.43	2.686	34.149
97.77	-29.88	9999.000	9999.000
110.38	-18.22	15.863	35.516
85.36	-18.34	18.588	35.735
64.23	-40.08	13.545	35.334
64.77	13.88	15.537	35.801
66.16	2.67	12.149	35.132
66.98	11.95	14.067	35.599
66.90	21.99	16.789	36.131
80.76	0.00	12.839	35.095
96.45	-0.23	12.777	35.077
78.47	-21.99	19.268	35.798
61.37	15.66	18.278	36.421
118.15	-45.79	9.461	34.643
65.56	-15.61	17.213	35.627
29.06	-48.59	4.079	34.114
81.22	-8.53	12.709	34.862
67.32	-22.80	17.760	35.676
99.77	-30.30	13.859	35.382
44.70	-30.87	14.832	35.411
127.22	-59.47	2.066	34.378
100.03	-34.96	12.197	35.145
65.89	10.41	13.190	35.396
52.93	-21.73	18.411	35.709
132.47	-61.33	2.240	34.394
106.11	-60.35	1.930	34.601
126.72	-45.10	9.291	34.637
60.06	7.61	12.715	35.229
131.93	-40.24	10.193	34.833
24.35	-49.77	2.953	34.047
72.09	-20.66	18.772	35.708
76.71	-23.18	17.416	35.744
138.31	-54.34	3.152	33.952
77.78	-1.10	12.351	35.101
64.35	-13.87	15.942	35.417
95.64	-16.82	17.499	35.645
96.86	-55.33	1.758	34.314
102.71	-42.45	10.348	34.801
65.24	17.93	16.001	36.122
59.35	12.93	14.533	35.460
129.65	-41.19	10.123	34.801
121.02	-45.85	9.487	34.656
113.31	-17.35	16.260	35.560
88.87	-39.64	11.210	34.943
36.03	-34.23	14.671	35.411
138.94	-49.64	8.373	34.462
62.54	12.16	16.102	35.747
107.10	-8.42	11.645	34.769
103.60	-7.36	11.586	34.890
72.03	-11.11	12.720	35.011
44.63	1.62	9999.000	9999.000
50.23	-35.92	14.812	35.476
112.15	-47.45	8.344	34.509
78.08	-41.39	12.253	35.132
104.65	-27.14	14.727	35.518
36.57	-47.89	3.134	34.084
137.41	-58.12	2.059	34.272
82.90	-12.73	12.687	34.857
53.01	-11.81	12.817	35.092
113.44	-21.98	17.320	35.760
144.18	-52.83	3.983	34.126
83.68	12.07	12.650	35.023
65.68	-40.30	13.754	35.352
52.53	15.28	13.504	35.539
58.61	-4.55	11.327	35.003
66.47	16.85	15.194	35.884
137.31	-41.82	9.985	34.801
121.26	-42.66	9.626	34.642
28.10	-51.92	1.171	34.334
92.66	5.40	13.091	35.041
83.36	-13.56	13.090	34.898
58.30	-12.73	16.083	35.424
136.75	-39.44	10.901	34.941
91.09	-40.47	10.800	34.889
48.38	-27.84	18.686	35.528
51.57	-26.61	15.373	35.482
79.27	2.73	11.818	35.112
98.61	-27.37	14.875	31.759
41.33	-27.00	17.428	35.601
93.39	2.14	12.818	35.075
97.73	-17.38	16.289	35.350
41.69	-21.44	14.113	35.284
74.03	-45.05	10.759	34.820
142.25	-40.25	11.942	35.169
91.39	-32.41	12.122	35.064
96.55	-32.99	12.109	35.116
95.61	-36.67	12.131	35.088
110.17	-34.73	11.202	34.958
60.30	-30.01	14.681	35.424
69.28	-16.07	16.558	35.342
92.10	-16.42	16.969	36.167
25.68	-34.94	15.523	35.477
135.25	-44.83	9.308	34.630
78.88	-4.67	11.544	34.973
77.50	-1.25	12.585	35.086
76.43	-4.89	12.060	34.991
97.96	-35.29	11.920	35.104
100.45	-4.46	12.560	35.015
91.63	1.16	12.650	35.099
64.45	11.79	14.235	35.550
68.52	11.20	13.175	35.320
84.62	-17.79	18.611	35.741
88.57	-11.92	12.961	35.017
88.29	-17.66	17.280	35.575
94.22	-13.86	13.532	34.873
126.73	-42.96	9.704	34.728
84.45	-17.19	16.792	35.136
25.19	-36.78	16.928	35.634
40.80	-48.51	3.170	34.087
85.64	-57.64	2.175	34.400
74.36	1.52	12.448	35.133
44.52	-32.78	15.780	35.505
40.39	-21.38	15.361	35.299
87.14	-55.84	1.694	34.458
136.28	-41.60	11.360	35.046
104.32	-35.06	11.115	34.942
48.02	-26.45	14.869	35.446
47.07	-29.53	16.007	35.524
33.60	-26.47	13.125	35.177
60.56	-23.23	18.156	35.661
73.29	6.79	13.457	35.153
101.48	-10.13	11.582	34.682
53.68	2.05	12.325	35.095
46.77	12.29	14.930	35.943
114.92	-36.67	13.344	35.321
97.76	-29.86	13.463	35.324
110.17	-34.73	11.203	34.959
49.08	-20.36	17.036	35.557
65.61	-50.33	2.090	33.989
71.03	-52.74	2.118	34.100
92.68	5.46	12.665	35.061
53.96	-14.47	17.200	35.574
54.62	-33.36	15.364	35.497
90.33	-50.42	2.771	33.972
65.74	19.70	16.048	36.031
141.32	-41.22	11.190	35.027
52.17	-39.22	15.285	35.497
60.23	14.91	16.820	36.161
111.72	-34.29	11.383	34.958
54.63	-50.52	2.153	34.013
103.84	-49.64	2.925	33.988
71.05	9.19	13.278	35.268
93.71	-54.78	2.177	34.035
128.55	-53.29	4.046	34.020
30.52	-38.98	17.092	35.572
44.13	-47.94	2.679	34.047
88.73	12.77	12.031	35.885
91.20	12.88	12.003	35.019
85.47	15.17	12.468	35.351
87.12	13.88	12.547	35.007
88.63	-19.82	18.186	35.801
130.72	-35.77	12.273	35.214
70.45	-31.17	13.867	35.309
67.14	-16.05	16.692	35.720
77.72	-11.88	13.567	34.853
140.63	-47.20	9.060	34.583
75.80	-10.70	12.701	34.888
122.06	-48.00	7.153	34.324
64.36	-45.78	3.653	34.019
101.01	-25.38	15.298	35.619
66.06	11.49	14.262	35.330
129.70	-61.46	2.029	34.491
31.40	-46.95	4.050	34.055
117.83	-14.87	14.034	34.947
39.97	18.72	21.866	40.556
100.00	-9.44	11.688	34.797
98.47	-20.97	18.568	35.699
94.48	-26.99	12.942	35.220
33.69	-32.95	17.068	29.200
84.78	-37.20	12.086	35.074
76.11	-15.59	15.685	35.502
41.17	-36.28	15.661	35.485
62.93	-1.18	12.654	35.092
92.04	-51.23	1.677	34.085
67.32	-52.84	1.631	33.924
138.06	-54.58	3.746	34.077
91.37	-23.67	14.632	35.454
36.87	23.09	22.019	40.509
73.50	-27.82	13.899	35.337
119.69	-39.31	10.149	34.770
69.82	-20.20	19.047	35.677
118.90	-14.00	13.176	34.784
104.80	-37.00	10.706	34.870
59.62	-1.78	13.286	35.138
96.17	-28.38	12.550	35.190
47.41	12.84	13.767	35.915
102.25	-24.51	16.691	35.788
56.18	-6.76	12.407	35.015
123.70	-56.35	2.250	34.206
134.32	-40.62	10.926	34.947
55.47	-55.75	1.828	34.330
83.39	16.04	11.722	35.041
81.46	0.11	12.899	35.016
45.11	-51.07	1.850	34.160
97.25	-22.26	16.852	35.710
87.36	-46.59	9.501	34.651
68.45	6.24	12.667	35.194
92.70	-10.79	12.500	34.640
101.49	-45.32	9.252	34.639
86.13	-2.83	9999.000	9999.000
118.47	-14.22	13.137	34.814
88.70	1.33	12.725	35.097
121.72	-43.65	9.437	34.635
22.08	-51.62	1.518	34.360
20.74	-52.11	1.004	34.382
27.13	-50.34	1.930	34.154
94.53	-54.62	1.814	34.084
92.68	5.54	12.912	35.037
96.04	-37.92	11.052	34.914
98.20	-24.40	17.440	35.833
71.58	10.16	13.239	35.317
106.44	-7.75	12.292	34.833
61.95	-15.63	16.820	35.373
72.68	3.60	13.102	35.186
139.48	-39.53	12.054	35.195
115.12	-37.10	11.770	23.292
96.05	-61.60	1.412	34.679
105.32	-31.47	12.272	35.142
33.09	-48.28	2.135	34.039
57.70	7.99	14.043	35.473
53.73	-34.13	14.259	35.387
68.29	14.38	14.824	35.661
42.95	-45.33	4.558	34.092
23.08	-38.15	16.160	35.523
83.06	-0.07	12.937	35.147
81.54	4.57	11.908	35.091
61.40	-43.35	13.797	35.343
87.03	-43.27	9.884	32.957
97.73	-29.81	13.420	35.319
82.16	-47.49	2.205	33.962
65.06	15.94	15.408	35.838
84.31	-43.84	10.810	34.874
92.68	-51.22	3.934	34.214
96.77	-55.20	1.933	34.333
38.49	-45.32	4.458	34.109
140.57	-62.71	1.999	34.655
49.15	-40.97	9.444	34.607
96.30	-16.92	17.506	35.704
86.30	-2.95	12.215	35.060
134.52	-51.25	6.661	34.248
132.94	-41.90	10.258	34.828
138.38	-40.42	11.028	34.962
45.80	2.30	9999.000	9999.000
89.18	18.33	12.571	35.006
100.66	-56.08	2.072	34.358
125.15	-40.93	9.878	34.698
120.47	-41.39	9.555	34.625
47.45	12.31	14.172	35.859
86.58	4.06	12.441	35.061
112.08	-13.28	9999.000	9999.000
110.52	-17.96	15.109	35.455
74.02	-35.61	12.867	35.230
93.75	-29.45	12.841	35.212
66.80	-10.86	13.148	35.051
49.40	-0.00	12.339	35.098
64.56	8.00	12.797	35.248
38.16	-25.58	17.829	35.638
52.37	8.29	14.008	35.355
105.69	-35.25	11.904	35.094
82.50	1.32	12.279	35.084
88.27	-20.29	19.411	35.821
44.42	-58.09	1.852	34.548
22.38	-49.10	1.966	33.990
114.65	-43.11	9.598	34.680
82.28	-0.86	4.806	17.561
86.66	-19.23	18.623	35.759
89.66	-40.33	11.343	34.947
41.22	-47.67	2.514	34.030
84.33	-4.01	11.746	35.014
109.69	-15.51	15.617	32.092
116.01	-14.55	14.906	35.006
82.68	10.96	11.562	35.038
32.91	-38.68	11.277	34.934
59.80	-7.03	11.652	35.000
45.22	-3.93	11.101	35.020
87.21	-36.42	11.925	35.050
66.19	-1.40	13.359	35.116
92.67	5.59	12.947	34.994
92.22	-40.58	11.162	34.932
107.85	-46.88	6.356	34.165
32.06	-65.62	-0.518	34.480
77.49	-17.27	16.773	35.443
52.74	-9.05	12.051	35.029
140.05	-41.62	12.850	35.363
57.45	-11.80	13.949	35.152
94.72	-33.41	12.062	35.001
85.21	-60.56	1.524	34.679
126.11	-56.54	2.512	34.116
21.75	-51.34	1.969	34.309
81.18	-1.31	13.063	35.122
21.42	-48.38	2.912	34.001
84.26	-1.13	12.269	35.104
52.30	-9.93	12.659	35.100
92.29	-15.02	16.203	35.177
42.36	-1.11	13.731	35.171
139.32	-61.52	2.208	34.502
133.04	-43.75	9.297	34.629
37.83	19.77	21.900	40.534
103.79	-49.38	1.991	34.080
68.99	11.11	12.651	35.315
130.68	-35.52	11.962	35.136
113.48	-47.92	6.340	34.206
143.44	-44.35	10.943	34.984
130.16	-40.14	10.453	34.864
33.97	-29.98	9999.000	9999.000
46.54	-38.21	13.662	35.203
78.46	-41.41	12.272	35.135
71.08	-52.75	2.054	34.090
61.66	-37.64	13.722	35.357
97.70	-29.75	13.597	35.344
67.72	12.72	13.773	35.448
37.70	-36.24	14.817	35.414
86.64	-57.59	1.906	34.284
87.58	-55.89	2.104	34.488
89.89	-27.61	14.212	35.394
92.43	-49.54	6.608	34.221
97.59	-53.67	2.601	34.129
93.46	-54.87	2.006	34.069
115.82	-16.07	13.726	34.922
122.04	-49.33	7.314	34.353
53.88	-22.65	19.554	35.593
103.25	-17.10	14.027	34.965
60.88	9.29	14.056	36.034
72.17	-23.26	17.504	35.704
119.36	-14.53	13.011	34.673
117.04	-59.32	2.031	34.384
113.65	-30.75	12.196	36.677
41.08	-16.95	18.328	35.322
115.82	-14.22	13.553	34.735
37.84	-24.36	16.706	35.495
106.69	-34.62	11.457	34.961
97.43	-10.44	11.516	34.671
37.63	-27.02	16.747	35.570
92.68	5.64	12.809	35.019
98.36	-7.03	12.088	34.888
33.99	-43.19	8.617	34.531
78.72	-28.70	15.293	35.535
61.51	-16.68	18.561	35.561
91.80	-35.97	11.580	34.957
103.52	-7.33	11.941	34.853
68.18	-43.40	12.344	35.125
66.90	10.39	13.733	35.367
63.58	-6.50	12.293	35.057
138.32	-37.45	11.896	35.151
129.50	-57.57	2.170	34.247
83.16	-28.51	15.799	35.567
96.36	-39.67	10.888	34.909
72.81	-8.87	13.753	35.024
62.69	0.27	12.292	35.081
56.28	-29.38	15.188	35.492
136.94	-41.36	10.616	34.896
130.75	-36.54	12.439	35.226
70.41	-37.08	13.377	35.280
100.03	-39.31	11.006	34.919
93.88	-63.92	0.909	34.659
115.73	-12.10	12.914	34.718
63.28	23.80	9999.000	9999.000
67.02	21.92	17.333	36.240
144.34	-61.69	1.939	34.608
90.35	1.66	12.661	35.107
86.31	-0.36	11.982	35.069
73.99	0.74	12.236	35.085
64.22	15.81	15.719	35.838
83.80	2.84	12.610	35.104
76.32	-58.23	1.873	34.678
66.62	14.40	14.318	35.598
99.32	-30.10	13.410	35.310
84.12	-9.60	12.866	34.718
58.32	-38.07	13.891	35.384
98.66	-8.02	11.772	34.827
39.97	18.71	21.835	40.560
48.95	-38.14	14.895	35.461
83.36	-44.94	10.259	34.791
73.60	-6.69	13.466	34.951
84.47	-12.40	13.885	34.816
70.47	-11.99	12.160	35.072
27.19	-45.73	5.718	34.244
109.17	-32.49	12.129	35.097
20.28	-46.70	4.468	34.106
38.36	-32.52	17.364	35.634
67.80	-54.88	1.798	34.132
107.52	-14.79	14.852	34.922
80.27	-53.57	0.928	0.014
122.04	-38.52	10.589	28.505
85.20	-1.10	12.473	35.094
85.03	-55.05	1.253	34.316
108.56	-24.80	17.912	35.705
31.49	-38.47	10.805	34.821
20.74	-35.99	9999.000	9999.000
113.89	-44.12	9.770	34.734
49.68	-19.32	17.125	35.529
115.60	-55.11	1.646	34.089
67.30	-60.82	2.052	34.540
54.88	-40.79	11.731	34.964
97.66	-29.70	14.010	35.401
88.75	-41.83	11.444	25.188
107.53	-64.28	-1.866	34.356
69.49	18.26	15.506	0.000
79.46	-23.46	14.880	35.455
111.61	-34.88	10.886	34.907
66.10	11.28	13.314	35.314
49.53	-3.20	11.309	34.975
23.11	-44.96	7.479	34.355
96.68	-55.04	1.524	34.241
37.33	-50.84	1.777	34.125
86.82	3.67	12.414	35.084
101.08	-8.81	11.155	34.770
65.97	-66.31	-0.929	34.462
56.70	-34.31	14.570	35.500
41.57	-24.62	16.826	35.567
140.83	-47.01	9.010	34.577
69.22	-6.80	14.044	35.139
99.59	-26.99	15.907	35.670
70.07	16.77	14.865	35.664
65.38	21.32	16.415	36.155
88.58	0.26	11.978	35.073
99.81	-17.75	16.828	35.398
67.96	17.33	9999.000	9999.000
68.60	15.49	9999.000	9999.000
67.51	17.23	9999.000	9999.000
69.73	18.72	9999.000	9999.000
76.83	-21.08	16.532	35.666
109.82	-42.07	9.994	34.733
65.46	13.79	14.432	35.531
72.16	13.98	14.145	35.442
23.34	-40.69	11.482	34.939
109.26	-31.84	11.706	35.015
77.25	-30.94	13.105	35.228
105.25	-21.03	17.020	35.736
107.96	-22.55	16.478	35.692
79.51	-63.28	1.697	34.665
76.05	-27.54	13.902	35.338
131.84	-35.46	12.318	35.196
91.22	-41.67	9.919	34.733
96.54	-51.89	2.005	34.078
132.52	-58.55	1.978	34.265
72.08	-41.10	12.559	35.163
85.44	-18.29	18.267	35.717
38.74	-32.40	16.926	35.588
101.07	-14.08	14.460	34.984
130.82	-35.03	12.201	35.142
73.55	-21.05	19.178	35.763
66.47	9.74	12.965	35.317
105.69	-12.61	14.015	34.704
80.81	0.20	12.831	35.096
133.96	-39.41	11.612	35.104
36.54	-36.49	14.886	35.427
82.52	-13.48	12.438	34.848
47.37	12.26	14.601	35.985
89.16	-11.26	12.467	34.686
102.33	-37.78	12.348	35.244
119.81	-41.92	9.662	34.647
61.27	15.74	16.698	35.956
31.04	-46.10	6.541	34.236
125.71	-42.84	9.293	34.637
100.52	-30.94	13.527	35.371
49.26	-35.92	14.421	35.368
40.93	-20.73	16.876	35.300
76.12	-10.75	13.124	34.812
101.26	-40.51	11.912	35.151
42.69	-41.80	11.189	34.845
60.76	0.67	12.797	35.109
66.75	10.47	13.318	35.307
62.73	11.38	14.385	35.580
41.97	-34.83	14.731	35.436
94.57	5.00	13.115	35.082
52.13	-25.05	18.847	35.583
112.25	-46.81	9.853	34.904
70.46	16.73	14.772	35.655
57.19	2.59	4.901	17.612
107.68	-13.04	13.906	34.605
76.19	-22.35	17.055	35.692
116.93	-52.10	2.218	34.107
50.96	-1.95	12.340	35.079
67.97	-37.78	13.118	35.266
43.71	-30.35	14.467	31.346
88.03	-55.79	2.117	34.444
93.18	-51.29	2.494	34.036
65.69	19.65	15.914	36.019
93.27	-55.08	1.902	34.041
66.39	12.06	13.957	35.495
32.33	-42.60	10.358	34.785
138.22	-61.55	2.171	34.567
87.56	-57.74	1.643	34.253
104.08	-49.27	2.549	33.981
83.90	11.58	12.457	35.046
95.90	-21.63	17.610	35.719
36.47	-50.50	1.478	34.105
107.39	-44.22	9.981	34.758
134.90	-51.09	7.382	34.345
97.71	-12.33	13.430	34.582
91.77	1.21	12.585	35.095
85.39	4.62	12.700	35.122
87.73	-52.51	3.792	34.114
79.02	-21.36	19.186	35.286
84.48	-31.63	12.812	31.017
77.72	-25.22	16.465	35.653
71.14	-52.76	2.006	34.052
57.29	4.95	11.937	35.115
89.24	15.38	12.483	35.016
46.74	12.19	15.030	35.978
66.93	14.14	14.339	35.578
89.44	-57.70	1.295	34.245
88.93	-28.15	13.303	33.217
64.51	1.99	12.822	35.156
58.59	12.18	15.069	36.392
79.78	5.06	12.138	35.125
89.81	-27.34	13.774	35.214
61.87	17.05	16.747	35.934
104.02	-21.54	17.664	35.698
40.20	-51.91	1.581	34.307
128.40	-62.30	2.002	34.565
136.35	-40.64	10.232	34.838
93.84	-6.94	12.024	34.971
32.38	-35.58	16.885	35.518
63.63	-10.73	4.131	17.433
92.06	-16.38	18.187	36.737
37.91	19.94	21.864	40.587
69.74	-3.12	12.555	35.034
59.19	0.93	12.452	35.099
78.62	-4.55	11.622	34.977
76.85	-5.03	11.912	35.020
77.90	-1.02	12.227	35.070
66.63	18.05	14.994	35.708
111.67	-39.42	10.684	34.854
106.25	-53.02	1.956	34.186
54.70	10.29	15.747	35.462
125.10	-61.70	1.921	34.577
60.26	22.66	16.510	36.353
127.99	-50.59	9.299	34.663
82.22	-15.66	17.702	35.664
73.59	-18.15	19.767	35.777
67.56	-14.19	14.887	35.161
66.66	-12.68	14.564	35.264
68.60	11.27	13.272	35.327
64.53	11.98	14.357	35.567
48.02	-22.87	15.306	35.433
115.74	-11.96	12.820	34.739
95.56	-27.87	13.369	35.243
84.36	3.49	12.546	35.084
81.92	-61.62	2.011	34.636
108.24	-31.48	12.025	35.106
65.63	17.67	15.515	35.884
45.71	-31.41	14.853	35.437
114.49	-36.21	13.208	35.292
36.88	23.08	22.032	40.505
71.64	-52.12	1.320	33.919
47.26	12.93	13.793	35.901
141.07	-44.77	10.198	34.817
78.95	-40.91	12.156	35.126
80.53	-6.62	12.410	29.452
65.69	-57.98	1.585	34.296
59.47	-27.69	15.187	35.474
116.82	-41.42	9.513	34.644
121.03	-53.06	3.285	34.101
79.27	2.36	9999.000	9999.000
57.71	-53.68	1.748	34.204
51.24	-19.02	19.748	35.478
90.80	-28.94	13.299	28.489
88.98	-18.08	17.654	35.364
100.64	-26.91	13.885	35.339
41.24	-4.29	11.587	35.023
106.00	-12.36	12.741	34.600
129.37	-50.92	5.423	34.097
132.32	-48.43	9.025	34.609
43.99	-50.84	2.028	34.151
99.53	-36.23	13.686	35.450
78.87	-13.19	12.610	34.869
96.76	-54.88	1.999	34.335
115.40	-37.01	11.305	34.922
88.60	12.80	11.917	35.947
91.12	12.68	12.256	35.014
71.55	10.08	13.418	35.269
85.42	15.50	12.386	35.368
122.12	-43.24	9.554	34.877
87.10	13.75	12.704	35.016
57.87	9.49	13.796	35.993
68.21	-11.37	12.635	35.027
110.32	-42.07	9.804	34.702
86.00	-4.15	11.921	35.026
136.32	-48.40	8.698	34.535
70.29	-16.34	16.516	35.565
30.95	-48.84	6.875	34.270
78.18	-0.09	12.287	35.109
92.67	5.65	12.672	35.057
143.68	-47.67	9.241	34.628
119.37	-63.08	1.637	34.696
95.85	-64.51	-1.839	34.343
88.87	-37.52	11.587	34.986
117.28	-14.01	13.933	34.866
74.29	-32.80	13.046	35.210
120.01	-35.93	11.270	34.965
