97.11	-44.22	11.048	34.923
62.69	12.17	21.417	35.861
55.55	12.95	23.789	35.679
88.69	11.48	19.696	34.882
90.21	8.61	18.547	34.824
71.90	-19.20	21.782	33.143
115.39	-15.36	23.447	34.868
127.33	-47.72	9.618	34.669
82.31	-15.19	23.163	35.127
41.45	-33.83	17.174	35.575
117.31	-41.39	11.117	34.977
77.02	-34.50	14.385	35.379
135.25	-50.37	7.878	34.409
96.35	-40.16	11.288	34.931
95.40	-50.30	6.665	34.224
44.72	-32.31	17.839	35.605
62.03	-6.17	14.979	35.161
144.76	-48.45	8.950	34.533
49.67	-57.83	-0.201	33.955
91.34	-8.45	17.899	34.491
42.08	-6.23	14.719	35.227
80.82	11.06	16.493	34.908
42.05	-18.79	21.632	35.257
70.82	-13.72	21.574	35.371
84.47	-36.56	12.734	35.166
47.61	-29.52	18.577	35.596
106.28	-8.00	16.403	34.617
62.44	-6.50	14.679	35.153
54.82	-30.68	17.106	35.603
95.62	-30.64	17.319	35.838
69.30	-51.53	2.086	33.877
68.17	-10.41	18.172	35.111
32.99	-30.52	22.278	35.346
92.39	-35.42	15.045	35.630
93.02	-31.32	16.029	35.691
85.16	-8.21	16.547	34.603
102.19	-23.34	19.431	35.778
82.84	0.92	17.928	35.063
84.36	16.53	18.076	34.879
88.20	-30.86	15.624	35.633
67.43	6.01	21.235	35.474
90.01	-19.32	21.851	35.372
69.51	13.42	17.892	35.424
38.41	-37.31	17.101	35.617
138.96	-38.33	12.736	35.293
59.98	12.61	20.830	35.450
108.48	-45.50	10.037	34.765
70.87	-52.68	2.198	33.870
43.47	-52.94	0.852	34.018
102.55	-31.75	14.112	35.458
115.61	-37.97	13.620	35.314
86.41	-3.76	19.231	35.272
99.45	-53.79	1.037	34.056
85.70	-18.02	22.884	35.144
104.48	-49.22	4.066	33.944
114.26	-47.59	9.954	34.730
99.17	-45.91	7.187	34.301
122.10	-49.08	7.642	34.378
86.89	-31.33	14.213	35.336
50.22	-20.02	23.907	35.119
55.90	17.11	16.403	35.609
84.25	14.54	2.521	8.801
90.26	-27.01	18.778	35.706
76.90	-20.59	22.002	35.367
136.64	-42.45	10.933	34.936
77.88	-44.21	12.042	35.020
101.31	-53.04	1.954	33.988
134.38	-39.75	11.208	35.004
99.07	-18.60	21.738	34.889
86.27	-59.05	0.206	34.047
84.85	-53.14	1.194	34.083
56.69	-19.95	22.890	35.393
117.15	-40.95	11.272	34.898
106.46	-15.03	22.731	34.759
95.60	-55.64	2.437	34.008
111.43	-52.06	2.020	33.987
83.16	-0.14	2.528	8.781
135.09	-50.65	8.097	34.431
109.50	-42.47	10.387	34.779
94.39	6.90	20.331	34.445
95.17	-19.53	22.068	35.310
88.58	18.37	19.296	34.858
77.95	-20.99	22.424	35.423
68.31	12.86	19.508	35.757
64.76	2.02	17.318	35.270
57.84	11.74	22.930	36.965
109.26	-22.56	18.968	35.758
54.92	3.59	18.342	35.377
72.23	0.95	15.387	35.184
125.00	-55.48	2.370	33.927
123.63	-54.19	4.291	33.999
59.37	-25.10	18.980	35.637
71.58	-3.75	16.626	35.097
51.82	-40.05	16.577	35.592
63.89	4.21	17.945	35.362
138.43	-57.65	1.576	33.920
91.85	-33.58	16.799	35.865
85.70	4.38	19.201	34.386
58.62	18.69	21.107	36.273
57.75	2.02	17.938	35.278
76.92	-26.58	20.618	35.693
58.34	2.88	18.344	35.284
115.76	-37.23	14.099	35.382
56.97	-20.77	22.830	35.326
54.16	-9.23	16.809	30.978
41.25	-44.75	5.245	33.912
72.16	-21.14	22.022	35.515
67.17	21.66	21.904	36.181
64.61	3.13	16.157	35.340
106.72	-44.43	10.055	34.766
112.09	-30.73	18.839	35.710
93.14	-16.03	21.797	34.993
132.57	-48.93	9.176	34.604
69.06	-28.62	18.340	35.829
54.62	12.63	20.194	35.630
45.75	-35.20	16.224	35.538
85.76	-37.32	12.558	35.142
69.16	-36.71	13.427	35.281
92.11	0.80	27.524	35.291
98.45	-1.79	21.191	34.983
47.97	-0.65	15.174	35.206
83.49	-17.66	21.374	35.497
102.33	-44.65	10.084	34.762
45.72	-44.57	4.268	33.855
98.21	-12.45	21.043	34.771
52.56	-12.90	22.391	35.218
77.01	1.65	16.389	36.459
81.82	-0.22	16.090	35.141
63.69	18.66	21.248	36.089
66.59	17.86	21.137	36.136
75.14	-6.11	14.484	28.643
21.73	-52.36	-0.067	34.125
49.25	-6.34	14.417	35.145
42.89	-9.93	2.409	8.727
69.29	18.20	20.065	35.604
82.73	-55.21	0.020	34.171
64.18	14.13	20.732	35.677
78.12	-51.51	0.966	33.980
53.04	-29.74	16.986	35.625
79.94	-24.28	18.201	35.788
71.17	-9.24	19.136	35.163
112.91	-22.35	21.019	35.397
48.90	-47.40	3.362	33.812
98.27	-54.76	0.844	34.056
30.33	-31.12	13.927	35.244
74.82	-10.88	20.538	35.094
113.97	-31.58	16.528	35.717
54.56	10.50	9999.000	9999.000
140.43	-52.72	2.327	33.889
106.60	-40.28	10.336	34.785
140.41	-46.05	9.167	34.572
68.68	-28.78	18.198	35.754
111.47	-9.82	19.628	24.073
82.56	-4.60	2.364	8.744
144.97	-47.89	9.405	34.614
62.19	-37.82	14.525	35.452
59.84	-49.23	3.332	33.722
71.94	-26.74	20.246	35.722
52.13	-26.62	19.873	35.539
103.23	-43.81	11.011	34.890
59.15	-13.48	23.116	35.134
51.81	-24.94	23.917	35.198
93.06	-0.40	27.818	35.338
93.03	-41.74	11.604	34.972
67.21	14.58	22.495	36.169
68.33	13.03	18.968	35.673
66.45	15.68	20.562	35.969
79.47	0.02	19.304	20.037
142.43	-50.40	9.052	34.554
46.95	-28.28	22.680	35.309
51.41	2.46	16.220	35.236
136.94	-42.45	11.398	35.033
41.68	-31.00	16.763	35.570
55.31	-35.71	15.973	35.550
83.89	-25.94	18.582	32.258
106.00	-7.86	17.106	34.557
69.70	-45.66	4.554	33.803
37.74	-21.07	19.531	35.344
65.78	-10.61	16.572	35.175
125.04	-36.33	15.288	35.589
64.22	-12.79	21.812	35.261
143.28	-41.25	11.799	35.143
55.24	-12.69	19.776	35.067
143.11	-41.47	12.175	35.199
29.16	-49.77	1.758	33.939
137.19	-58.07	1.269	33.903
63.49	12.80	21.568	36.126
125.55	-35.52	14.800	35.494
43.97	-44.37	4.516	34.119
90.44	2.10	26.368	35.242
87.51	-0.15	19.250	35.140
73.03	0.75	17.894	35.236
64.44	11.08	20.239	35.879
141.02	-53.91	1.993	33.892
97.26	-41.67	10.932	34.924
124.20	-41.89	10.374	34.728
63.99	11.30	18.828	35.774
64.89	18.20	20.560	38.448
71.92	-24.15	22.190	35.477
103.17	-27.51	16.446	35.729
96.22	-40.19	10.949	34.891
50.29	-2.15	15.232	35.211
101.77	-18.66	19.708	35.170
125.96	-45.03	10.018	34.654
85.49	-59.27	-0.178	34.080
65.33	-28.33	17.715	35.732
113.08	-22.11	20.789	35.426
85.41	-52.77	0.755	33.998
108.21	-36.69	11.876	35.026
26.98	-48.13	4.172	33.800
89.29	-5.36	23.620	35.346
66.35	12.87	19.697	35.807
134.61	-47.60	9.273	34.590
53.26	16.45	18.090	35.727
67.69	8.29	18.087	35.387
120.67	-43.54	10.192	34.762
42.12	-48.78	2.565	33.837
48.27	-24.77	23.905	35.153
91.82	-50.00	7.002	34.066
70.91	-52.69	2.198	33.875
58.40	11.56	24.271	36.037
54.88	-28.78	17.104	0.072
115.83	-53.56	2.195	33.969
116.54	-57.13	2.129	33.945
97.24	-10.48	20.573	34.631
65.34	19.18	21.085	36.142
112.81	-56.27	1.923	33.952
111.09	-31.09	17.355	35.811
30.60	-43.19	8.940	34.436
86.42	-43.84	10.556	34.827
31.92	-48.58	5.295	33.834
27.60	-35.86	17.703	35.609
132.17	-37.03	11.749	35.007
94.76	-49.35	6.100	34.080
95.52	-56.16	2.291	34.017
62.43	-36.56	14.412	35.768
77.98	0.76	18.245	35.217
70.46	-26.14	18.962	35.695
84.65	0.78	17.468	35.194
126.08	-34.09	14.412	35.437
52.92	-46.34	2.626	33.809
104.88	-49.22	3.140	33.951
35.56	-46.61	6.714	34.088
97.95	-57.49	-0.332	34.083
67.03	11.82	18.067	35.545
135.17	-50.85	7.871	34.402
141.86	-47.86	9.339	34.596
104.76	-14.40	21.042	34.751
109.62	-20.71	20.357	35.547
144.56	-63.40	1.582	34.512
92.82	-9.67	19.460	34.524
81.13	-24.63	20.780	35.702
45.55	-26.73	19.475	35.474
44.42	-12.14	9999.000	9999.000
70.89	-52.70	2.184	33.877
66.13	11.36	21.551	35.876
91.71	0.37	28.511	35.482
100.02	-23.79	20.476	35.475
110.84	-57.07	1.355	33.947
114.70	-54.24	1.713	33.970
30.88	-47.24	4.689	33.847
100.51	-27.54	15.216	35.581
117.27	-55.20	2.437	33.952
82.12	-34.31	13.281	35.226
136.16	-41.78	11.271	35.011
64.37	-38.16	14.418	35.398
75.47	-10.01	20.179	35.124
119.64	-46.64	9.675	34.712
85.38	-19.22	21.447	35.535
63.51	14.57	22.121	36.186
110.76	-18.38	20.848	35.369
66.92	3.09	17.119	35.260
102.94	-9.99	20.507	34.562
82.22	0.98	19.483	35.169
114.36	-15.46	21.590	35.044
60.76	15.43	21.574	36.120
78.86	-21.78	22.027	35.544
53.67	3.80	18.226	35.481
67.22	-23.06	22.176	35.477
67.22	11.71	18.659	35.688
109.93	-34.33	15.124	35.583
95.83	-0.10	27.038	35.189
79.93	-42.69	11.861	35.055
23.01	-49.24	2.965	33.837
65.00	-16.11	22.878	35.304
24.69	-60.71	0.373	34.527
23.78	-45.65	6.883	34.046
129.77	-60.00	0.260	33.972
59.87	7.75	19.766	35.705
131.87	-61.39	0.413	33.921
131.53	-52.80	4.265	33.970
129.95	-41.39	10.754	34.859
139.32	-54.11	3.166	33.912
50.86	-22.97	23.747	35.273
75.37	-23.98	21.401	35.654
106.72	-59.84	-0.476	34.121
44.43	-31.40	18.023	35.579
59.95	11.92	23.787	35.948
64.89	18.32	21.240	36.102
89.41	-39.40	11.547	34.963
59.60	-30.53	17.674	35.599
76.89	-34.49	14.672	35.400
131.63	-39.84	10.591	34.845
37.78	-32.02	16.917	35.603
20.28	-37.08	15.648	35.332
113.46	-17.63	20.847	35.096
95.46	-16.51	22.069	35.118
80.46	-0.86	18.796	35.233
66.58	10.11	20.002	35.817
62.81	-14.60	23.323	35.156
120.83	-46.57	9.698	34.689
129.09	-61.19	-0.132	34.075
79.00	2.05	9999.000	9999.000
118.26	-15.45	21.839	34.833
33.31	-48.30	4.003	33.836
49.79	-36.28	15.366	35.486
100.28	-37.10	14.237	35.538
72.34	-12.54	20.523	35.309
81.50	-43.41	11.814	35.032
67.49	11.75	17.995	35.497
125.81	-44.80	9.435	34.606
51.93	-11.59	20.233	35.401
81.65	-12.03	22.968	35.254
83.41	-13.10	24.526	35.122
98.40	-54.79	0.722	34.058
112.46	-19.97	21.902	35.235
83.53	12.42	21.383	34.989
114.89	-37.19	15.004	35.500
64.02	-39.33	14.118	35.396
67.43	16.36	20.374	35.997
109.93	-34.33	14.939	35.547
121.26	-55.34	2.216	33.910
140.18	-46.07	9.147	34.568
30.58	-52.46	1.223	33.991
60.07	-4.17	16.654	35.286
137.23	-39.22	11.863	35.095
98.20	-2.21	25.961	35.031
96.92	-2.09	26.534	35.094
95.98	-33.40	14.464	35.499
92.17	0.71	28.188	35.464
96.41	-23.98	19.843	35.719
95.79	-61.41	1.015	34.462
124.56	-41.22	10.804	34.820
106.19	-7.11	21.966	34.740
49.85	-29.21	1.000	31.856
80.19	-63.55	1.315	34.533
94.76	-34.74	12.190	35.100
98.14	-35.14	14.752	35.621
60.62	-29.33	19.106	35.682
133.46	-45.81	9.436	34.624
91.93	-16.64	21.688	36.222
121.90	-42.30	9.810	34.651
70.75	-16.23	23.616	35.060
93.48	2.19	24.646	34.782
101.00	-56.17	0.381	34.033
53.26	-33.27	17.599	35.620
77.12	-4.54	15.069	34.916
101.71	-5.32	22.780	35.030
77.51	-5.98	15.871	35.020
80.52	-1.74	18.558	35.213
87.30	-17.95	22.753	35.240
86.82	-11.49	23.219	34.775
85.78	4.10	18.814	34.757
93.88	-13.56	23.304	34.694
65.25	12.64	21.542	36.083
68.36	11.19	17.545	35.504
143.76	-62.51	1.584	34.399
88.50	-16.73	21.511	35.547
128.84	-35.91	13.390	35.333
69.62	-30.56	15.680	35.584
69.97	-45.50	3.555	33.729
104.57	-35.72	11.612	35.016
73.89	2.33	18.123	35.116
24.12	-36.47	17.925	35.662
85.57	-3.19	19.368	35.240
45.82	-47.25	3.588	33.846
85.59	-17.95	22.722	35.197
96.03	-56.53	2.032	34.031
42.77	-22.49	19.021	35.289
33.39	-26.68	14.706	35.263
137.21	-40.79	12.512	35.256
60.09	-23.30	22.900	35.343
73.45	7.14	21.884	35.382
113.61	-35.86	14.112	35.385
54.01	-15.38	23.392	35.176
66.15	-50.25	1.875	33.848
141.02	-39.64	12.452	35.262
45.15	-48.74	2.581	33.865
141.34	-41.20	11.912	35.163
86.09	-52.50	0.122	33.967
85.41	-59.53	0.086	34.039
60.18	14.98	20.695	35.816
52.53	-39.86	15.865	35.542
44.56	-32.77	17.201	35.563
98.44	-17.96	23.092	34.922
91.70	-32.14	13.986	35.299
105.04	-49.49	3.849	33.963
28.20	-35.46	18.190	35.613
87.47	13.88	18.590	34.859
88.02	13.30	17.854	35.923
112.22	-36.03	14.204	35.401
91.08	11.73	20.283	34.749
85.47	16.33	21.739	35.274
88.25	-19.22	21.572	35.638
82.92	-43.30	10.302	34.692
75.84	-12.04	20.350	35.175
71.35	8.99	18.895	35.382
135.41	-51.00	7.780	34.380
110.63	-38.51	12.815	35.188
101.57	-25.93	19.269	35.877
49.25	-21.33	23.985	35.135
71.80	-21.83	21.743	35.563
66.31	-16.59	23.693	35.896
22.30	-49.31	2.483	33.900
123.19	-48.84	7.792	34.382
118.43	-13.70	22.061	34.745
63.24	8.63	17.543	35.522
98.39	-20.66	22.295	35.048
80.50	-8.38	20.995	34.988
103.67	-31.51	14.459	35.532
117.39	-14.05	23.398	34.744
141.50	-61.80	-0.565	33.987
59.29	-3.22	18.832	35.297
47.04	-50.09	2.524	33.818
105.34	-59.43	0.208	34.023
69.89	-20.84	22.083	35.469
95.96	-30.87	17.255	35.856
55.15	-7.40	14.398	35.092
67.17	21.66	21.190	36.136
104.01	-38.54	11.590	34.989
102.52	-23.36	19.663	35.760
83.54	0.97	18.583	35.128
84.64	16.67	20.781	34.852
93.59	-50.15	3.901	33.949
32.95	-30.35	9999.000	9999.000
90.36	1.11	28.260	35.450
81.41	11.87	16.987	34.899
107.08	-47.42	7.986	34.402
67.30	5.83	21.359	35.502
123.92	-44.70	9.912	34.653
25.05	-51.75	0.472	34.041
53.30	-21.74	23.379	35.227
22.27	-51.68	0.383	34.079
29.89	-53.57	1.954	33.922
97.56	-38.35	12.470	35.131
119.89	-60.15	0.271	34.049
58.12	-55.89	0.667	34.000
44.65	1.63	9999.000	9999.000
26.84	-44.06	11.905	34.981
123.59	-46.88	9.643	34.669
113.03	-36.62	13.756	24.717
57.69	-4.09	16.992	35.269
87.12	-45.57	6.831	33.943
61.83	-13.00	23.098	35.115
98.47	-54.82	1.091	34.092
105.11	-8.00	17.444	34.546
99.60	-25.99	18.298	32.246
115.24	-16.50	21.549	34.934
40.26	-25.91	21.253	35.435
42.22	-45.60	4.579	33.815
72.52	3.87	17.104	35.226
142.57	-48.75	9.001	34.558
75.17	-16.28	21.962	35.365
68.13	14.86	20.246	35.910
20.90	-38.60	18.162	35.605
139.21	-54.64	3.112	33.934
72.88	-28.81	17.811	35.782
54.62	-33.83	16.922	35.558
89.49	-41.10	11.689	32.965
91.43	-23.94	21.109	35.468
84.12	-48.00	4.478	33.738
82.56	-42.40	10.909	34.850
65.81	17.10	20.614	36.011
94.65	-49.62	6.298	34.050
101.31	-30.63	15.200	35.546
86.29	0.05	16.649	35.174
81.83	4.05	18.642	34.976
38.53	-45.05	5.055	33.851
54.96	-40.52	9.675	34.525
120.37	-38.48	11.227	34.872
85.46	-3.32	9999.000	9999.000
126.88	-43.08	9.860	34.691
34.88	-49.41	1.807	33.995
139.94	-46.12	9.707	34.671
79.33	-45.44	5.975	33.816
96.27	-17.05	21.306	35.205
131.46	-42.13	10.663	34.874
42.74	-38.08	16.540	35.562
97.99	-22.58	20.561	35.643
121.30	-40.68	10.765	34.806
45.80	2.30	9999.000	9999.000
88.57	18.38	20.531	34.811
77.46	2.92	16.737	35.207
143.61	-64.99	-1.180	34.324
93.76	-28.11	14.712	35.435
41.94	-26.25	19.127	35.599
43.29	-57.69	-0.614	33.987
67.67	-11.44	19.439	35.347
88.39	-19.59	21.307	35.605
63.18	8.19	18.638	35.450
40.73	-24.32	19.101	35.328
65.07	-43.05	14.114	35.346
87.36	-51.18	3.606	0.039
86.55	-40.90	11.864	35.025
107.23	-14.84	23.541	34.718
108.83	-23.80	19.128	35.779
86.10	-56.50	0.854	34.143
86.51	-19.80	22.010	35.543
44.82	-5.35	15.245	35.275
88.97	-35.92	12.558	35.108
65.17	-2.16	20.525	35.273
59.13	-5.93	14.168	35.109
126.05	-56.93	2.148	33.928
39.55	-48.46	2.933	33.799
51.67	-10.47	19.197	35.319
90.52	-27.25	17.442	35.779
49.85	-25.12	18.278	35.577
77.17	-17.44	24.300	35.081
92.57	-40.71	11.604	34.965
22.67	-49.92	2.736	33.850
81.89	-0.68	20.611	35.282
58.65	-12.75	22.818	35.156
84.94	-33.08	14.359	35.347
112.39	-34.54	14.220	35.421
25.15	-51.76	0.558	34.040
23.48	-47.20	4.635	33.814
25.10	-48.65	3.457	33.823
92.91	-15.52	22.115	34.995
85.06	-0.36	18.412	35.210
112.59	-30.50	17.073	37.550
115.12	-47.73	7.549	34.293
52.25	-10.17	18.889	35.411
84.78	-59.25	-0.375	34.334
33.13	-32.54	19.069	29.236
111.29	-18.12	20.729	35.306
101.81	-9.19	21.584	34.768
132.44	-43.60	10.024	34.731
68.45	9.69	17.946	35.488
94.61	-33.18	12.411	35.120
106.84	-64.27	-1.859	34.352
63.32	-66.38	-1.775	34.285
82.35	0.38	2.463	8.779
96.79	-49.34	5.085	34.023
105.49	-34.55	13.128	35.293
115.20	-43.67	10.137	34.774
129.08	-39.83	10.941	34.890
143.29	-43.60	10.830	34.918
129.84	-36.16	13.426	35.318
33.67	-37.29	17.261	35.620
116.07	-47.60	7.966	34.405
47.06	-37.98	12.100	34.958
70.91	-52.74	1.953	33.892
59.94	-39.13	13.350	35.290
118.35	-14.19	22.300	34.717
21.40	-40.17	11.649	34.755
67.07	12.98	19.617	35.864
84.06	-4.33	16.623	35.101
99.64	-9.32	18.323	34.544
65.26	19.11	21.693	36.230
134.37	-39.68	11.675	35.056
86.13	-59.65	0.509	34.116
87.19	-52.11	0.968	34.004
96.73	-56.58	1.958	34.040
41.58	-28.28	17.595	35.609
98.82	-52.63	2.257	33.931
103.95	-18.28	21.882	35.083
104.79	-49.62	4.000	33.973
123.40	-51.32	6.484	34.178
73.91	-11.07	20.676	35.158
110.47	-14.96	22.485	26.927
116.13	-15.25	22.764	34.711
67.49	-53.20	1.979	33.852
142.45	-64.37	0.634	34.498
135.79	-51.08	8.030	34.416
30.43	-65.66	-1.815	34.331
61.19	10.37	20.695	35.687
36.66	-23.21	19.352	35.545
116.23	-14.86	23.357	34.639
40.58	-16.33	19.270	35.283
64.32	-2.89	18.724	35.291
95.61	-26.83	18.944	35.821
83.30	-36.37	12.610	35.117
139.41	-40.76	13.200	35.404
107.22	-35.37	12.416	35.111
73.13	-9.41	18.551	34.983
97.24	-9.94	19.437	34.523
125.72	-43.31	9.909	34.682
98.76	-7.59	20.110	34.466
71.79	-24.24	22.281	35.463
34.35	-42.21	10.403	34.709
143.31	-61.91	-0.030	34.222
83.25	-28.55	17.890	35.802
60.43	-17.82	23.272	35.158
136.73	-62.59	1.779	34.521
62.16	0.45	18.624	35.287
56.79	0.96	2.563	8.811
131.47	-36.53	13.425	35.333
138.58	-37.48	13.243	35.422
83.32	2.22	20.527	35.270
85.03	-44.12	11.166	34.938
135.37	-41.21	11.108	34.976
88.03	-0.66	18.189	35.129
72.93	0.14	17.236	35.213
70.24	-11.45	16.672	35.109
84.22	-9.79	22.725	34.969
90.49	2.19	24.456	35.058
108.42	-12.49	17.712	34.671
75.25	-23.25	21.364	35.618
137.43	-62.13	1.477	34.431
67.65	10.81	20.073	35.878
67.47	14.03	20.565	36.026
99.80	-8.30	20.338	34.471
50.75	-38.33	14.403	35.386
97.91	-30.67	16.272	35.712
91.13	-35.71	13.015	35.169
52.53	-1.89	16.432	35.247
29.02	-45.26	9.258	34.492
22.11	-46.90	6.072	33.918
56.99	8.41	18.707	35.500
37.34	-30.44	19.001	35.623
68.56	-54.29	1.820	33.879
97.54	-12.25	21.053	34.970
79.19	-21.07	21.986	35.579
142.00	-39.46	12.567	35.276
76.82	-24.26	19.701	35.763
69.50	17.00	19.629	0.000
86.06	-0.60	17.166	35.147
34.66	-41.04	11.839	34.953
114.50	-44.32	10.200	34.804
49.61	-20.40	23.965	35.128
118.33	-55.76	2.389	34.010
34.10	-40.95	11.261	34.880
56.04	-43.24	10.871	34.813
80.08	-24.49	18.532	35.818
51.61	-3.16	15.687	35.194
65.95	-60.27	-0.936	34.020
88.48	-41.94	11.651	24.783
66.16	11.15	18.806	35.764
23.16	-45.68	6.897	34.062
69.87	-9.31	19.089	35.194
20.46	-47.84	4.857	33.853
98.51	-54.83	0.868	34.082
41.33	-50.84	1.197	33.971
43.06	-23.85	23.839	35.239
70.88	-37.02	13.558	35.293
103.27	-7.43	17.553	34.564
65.22	16.51	19.689	35.781
85.13	3.32	20.286	34.981
115.94	-12.24	23.167	34.846
139.72	-46.20	9.138	34.396
56.58	-33.37	14.909	35.515
98.19	-25.34	19.590	35.829
83.14	-12.06	22.996	34.841
74.39	-36.39	13.199	35.253
74.34	-6.81	17.330	35.092
93.81	-63.93	-1.538	34.337
59.19	-37.59	14.450	35.420
97.90	-28.36	16.626	35.750
51.12	1.11	16.040	35.222
55.55	8.32	21.458	35.540
66.90	-6.52	17.312	35.198
86.06	1.41	19.612	35.141
83.88	-33.17	12.609	35.105
91.21	0.35	28.414	35.483
69.81	18.64	21.518	36.093
67.77	17.52	9999.000	9999.000
64.51	21.11	9999.000	9999.000
68.55	16.16	17.693	36.631
109.18	-31.07	15.691	35.656
81.73	-7.25	15.769	29.144
67.21	16.99	9999.000	9999.000
70.67	16.16	9999.000	9999.000
132.73	-58.20	1.386	33.914
139.78	-44.38	10.025	34.732
78.20	1.87	9999.000	9999.000
72.21	14.34	19.438	35.416
91.40	-41.30	11.363	34.968
130.51	-36.69	13.705	35.390
107.85	-22.73	21.131	35.369
116.18	-41.57	10.065	34.715
102.29	-37.41	12.326	35.211
123.45	-53.36	4.054	34.109
109.66	-34.12	14.204	35.415
89.45	-37.14	12.340	35.091
81.45	-40.59	12.168	35.096
74.99	-41.90	12.702	35.178
85.20	-19.49	21.754	35.279
73.60	-20.92	21.260	35.601
123.65	-56.52	2.002	33.933
64.36	14.26	22.062	36.136
133.51	-38.88	11.664	35.101
22.54	-41.90	11.128	34.841
95.94	-53.35	2.324	33.979
82.88	0.82	16.683	35.132
33.28	-46.66	5.322	33.886
109.48	-42.99	10.342	34.753
100.02	-29.82	17.232	35.850
60.75	15.30	21.172	35.977
99.96	-40.58	12.108	35.151
33.42	-37.10	17.518	35.634
67.46	10.08	19.731	35.788
42.49	-20.32	21.930	35.304
61.06	-0.36	19.695	35.303
70.96	-52.77	2.029	33.885
98.90	-37.26	14.581	35.643
105.63	-11.88	21.388	34.473
84.27	-31.62	15.854	31.236
45.10	-41.95	12.932	35.080
51.91	-23.93	24.056	35.154
118.96	-62.62	1.035	34.554
40.11	-35.23	15.855	35.531
118.04	-54.33	3.412	33.941
37.00	-25.39	17.527	35.595
104.58	-49.52	3.922	33.986
70.78	17.17	20.800	35.524
98.71	-17.41	21.700	34.934
80.19	-63.35	1.251	34.539
144.30	-45.54	10.293	34.798
92.14	0.61	29.057	35.285
63.48	12.24	20.918	35.842
54.27	-28.25	16.941	35.582
21.72	-41.02	11.702	34.933
94.74	-64.53	-1.826	34.323
109.66	-34.12	14.106	35.402
101.90	-38.49	11.517	34.989
66.89	11.97	18.524	35.604
87.49	-51.38	2.570	34.031
86.91	-59.65	0.492	34.081
97.26	-56.30	1.742	34.044
94.77	-49.90	6.456	34.097
42.44	-30.38	16.829	31.545
33.86	-42.59	11.877	34.959
77.48	-29.31	17.805	35.770
67.36	-37.19	13.724	35.316
83.37	12.65	19.117	34.870
105.86	-43.49	10.184	34.756
105.94	-20.59	20.290	35.656
101.33	-14.46	21.737	34.519
109.56	-31.89	15.406	35.597
92.08	-51.80	3.335	33.935
136.30	-51.13	7.896	34.398
130.30	-35.13	13.122	35.319
130.30	-57.98	1.414	33.883
84.56	5.62	24.229	35.389
88.48	-11.04	19.078	34.498
108.73	-12.30	9999.000	9999.000
55.14	3.16	16.861	35.266
88.17	15.51	20.686	34.863
113.56	-36.04	13.757	35.361
65.26	2.45	17.336	35.281
80.36	4.82	22.249	35.395
58.15	11.56	21.869	36.706
68.36	12.80	20.355	35.900
89.47	-28.48	15.764	33.099
104.12	-30.71	14.971	35.582
83.06	-0.20	16.788	35.178
59.55	-28.44	18.816	35.609
67.76	13.87	20.741	36.062
39.70	-51.94	1.033	33.978
60.63	16.95	21.962	36.029
130.35	-62.35	-0.408	34.122
77.88	-20.91	22.727	35.384
69.30	-1.27	15.054	35.185
33.01	-37.83	17.628	35.585
100.49	-27.14	15.197	35.590
91.87	-16.71	21.646	36.055
60.83	0.97	18.969	35.306
92.36	-62.18	1.005	34.471
67.21	21.64	22.287	36.280
66.55	17.77	21.033	36.096
80.73	-1.64	19.134	35.229
78.13	-5.98	16.927	35.014
76.89	-4.46	15.855	35.035
66.43	-13.97	21.499	35.268
124.32	-61.74	-0.770	34.035
47.51	-24.92	21.234	35.374
85.43	-53.29	1.263	33.906
72.49	-16.73	20.136	35.211
68.23	11.15	17.871	35.522
111.01	-10.08	19.828	34.599
65.37	12.77	19.799	35.743
83.79	3.91	17.610	34.940
68.10	-14.88	21.939	35.117
94.35	-29.14	17.152	35.747
115.65	-11.93	21.267	34.583
65.42	17.75	19.644	35.911
52.62	10.80	15.977	35.462
70.50	-57.77	0.159	33.966
108.89	-30.85	16.270	35.720
49.69	-19.34	23.899	35.128
89.62	-56.77	-0.060	34.011
90.79	-29.37	16.046	28.757
78.58	4.30	18.797	35.037
131.60	-49.84	9.256	34.650
103.43	-21.91	21.093	35.439
77.01	-22.44	21.146	35.649
36.57	-30.40	16.569	14.815
105.86	-11.53	20.526	34.632
82.67	-12.84	23.114	35.063
92.80	-6.40	16.248	34.723
56.67	-54.55	0.964	33.907
47.54	-49.99	2.191	33.902
63.23	-9.00	15.068	35.066
32.58	-47.90	6.257	33.979
79.94	-13.66	18.917	34.902
81.19	-60.93	1.267	34.500
98.53	-54.86	0.990	34.102
91.08	11.68	22.208	34.905
70.18	-16.62	23.268	35.101
85.43	16.22	20.542	35.343
87.70	14.07	19.574	34.889
69.77	-10.32	18.109	35.121
87.98	13.48	18.047	36.015
120.33	-40.67	10.645	34.782
110.11	-42.79	10.411	34.768
35.28	-50.95	1.810	33.917
86.46	-4.34	21.057	35.275
121.34	-43.95	10.114	34.876
139.56	-46.31	9.160	34.575
79.53	0.91	19.074	35.266
135.65	-49.99	7.516	34.375
116.92	-14.72	22.842	34.878
120.01	-37.38	13.226	35.275
130.71	-49.47	9.391	34.647
77.23	-31.47	16.251	35.654
73.85	-31.05	15.647	35.522
