139.82	-38.82	13.195	35.403
90.76	8.79	25.302	34.178
71.87	-19.69	22.564	32.969
40.82	-32.68	17.511	35.596
115.38	-15.55	23.841	34.550
62.50	11.61	23.898	36.112
77.76	-33.59	15.051	35.496
94.09	-51.33	2.683	33.964
134.97	-49.09	8.312	34.424
95.44	-39.99	11.440	34.902
69.49	-51.79	2.015	33.891
61.68	-5.73	16.371	35.163
121.93	-36.67	14.748	35.485
94.40	-42.29	11.525	34.945
51.40	-57.31	-0.525	33.942
110.05	-34.26	14.060	35.419
86.29	-3.47	9999.000	9999.000
42.69	-19.23	25.167	35.128
80.58	-42.25	11.714	35.035
84.67	-37.58	13.062	35.204
53.59	-31.42	18.455	35.643
95.74	-28.73	15.738	35.621
102.11	-24.34	19.645	35.809
72.12	-14.75	23.161	35.135
68.20	-10.40	19.284	35.193
83.28	-7.65	24.431	34.479
83.53	15.69	17.087	34.901
128.98	-38.73	11.910	34.987
81.60	0.18	21.717	35.266
55.87	16.60	16.169	35.735
33.51	-29.52	18.201	35.533
68.19	6.31	21.563	35.665
84.19	-17.83	22.829	35.204
89.05	-18.95	21.343	35.453
69.70	13.38	19.585	35.362
34.36	-39.71	18.006	35.607
85.10	14.25	1.988	7.047
92.37	-9.36	23.541	34.328
137.09	-42.45	9.965	34.738
102.61	-31.55	14.466	35.486
43.30	-52.87	1.126	33.999
83.12	-0.66	1.990	7.035
81.50	-41.72	11.913	35.061
93.27	-55.32	2.388	34.015
98.66	-54.24	1.394	34.025
49.35	-29.71	20.494	35.449
78.40	-20.82	22.802	35.429
62.31	-5.79	17.476	35.175
112.09	-45.92	10.071	34.753
80.58	-42.25	9999.000	9999.000
97.23	-45.96	6.153	34.122
122.58	-48.80	7.526	34.312
110.49	-10.61	17.600	34.587
86.24	-52.23	1.062	34.004
110.05	-34.26	13.898	35.394
50.38	-19.76	24.345	35.099
108.26	-45.04	9.988	34.750
71.18	-52.77	1.610	33.882
92.64	5.62	22.262	34.531
99.34	-18.13	22.695	34.780
98.63	-52.10	2.382	33.976
88.24	-55.48	1.107	34.078
80.96	-52.93	-0.921	34.034
87.98	-57.95	0.596	34.011
144.78	-48.59	8.991	34.514
117.15	-40.39	11.841	34.947
106.22	-15.61	21.492	34.512
104.38	-49.40	3.737	33.944
76.02	-46.35	9.611	34.430
77.31	-20.28	23.095	35.063
134.38	-40.22	11.435	35.015
56.19	-20.41	23.037	35.376
110.10	-41.91	10.378	34.728
109.27	-52.19	1.657	34.002
37.84	19.76	24.053	40.223
142.06	-47.83	9.444	34.603
95.73	-19.24	23.005	34.949
140.91	-46.88	9.169	34.576
89.08	18.27	21.267	34.800
81.50	-41.72	11.947	35.069
68.36	12.90	22.622	36.152
74.67	6.13	22.483	35.335
104.42	-31.34	15.006	35.586
123.56	-52.26	4.010	34.010
93.24	-32.66	17.054	35.902
70.35	-4.20	19.849	35.300
98.32	-12.67	24.755	34.333
58.28	18.59	20.472	36.091
53.50	-38.94	16.185	35.598
50.55	-5.55	17.325	35.237
111.59	-32.09	17.122	35.743
72.49	-21.88	22.565	35.433
58.21	2.40	19.638	35.335
80.57	-42.38	11.737	35.039
54.10	-9.64	22.010	30.276
56.53	-20.60	22.964	35.304
76.36	-25.94	20.223	35.708
85.94	4.08	22.387	34.924
67.12	21.84	22.611	36.239
43.65	-10.98	2.209	7.005
133.05	-49.27	9.101	34.610
64.86	3.68	17.902	35.371
31.40	-30.89	19.939	35.319
44.61	-34.61	15.995	35.524
46.73	12.10	17.414	35.654
86.37	-37.59	12.296	35.102
76.77	1.08	20.976	36.532
93.29	-15.97	23.648	34.736
40.78	-45.17	5.260	33.861
82.00	-1.19	19.960	35.312
113.46	-56.24	2.440	33.947
46.57	1.71	20.501	35.229
59.15	-25.35	22.702	35.336
98.62	-1.69	28.272	34.340
77.03	-10.80	24.801	35.298
112.57	-30.69	17.422	35.808
82.59	10.66	15.800	34.925
83.85	-17.21	24.394	35.116
59.41	-3.78	17.553	35.181
53.27	-12.22	22.977	35.065
52.30	-5.21	17.662	35.409
45.58	-44.46	5.298	33.828
97.02	-54.75	0.787	34.040
66.55	18.01	22.993	36.342
112.73	-12.59	20.921	23.825
138.23	-57.55	1.662	33.897
64.22	18.88	23.924	36.361
81.16	-41.70	11.866	35.047
80.46	-43.13	11.500	34.995
99.44	-43.90	10.609	34.846
92.66	5.55	24.670	34.549
56.11	9.92	9999.000	9999.000
91.74	1.29	28.084	35.505
82.67	-4.70	19.210	35.098
66.00	-9.98	18.481	35.122
72.14	-23.45	22.006	35.552
75.66	-5.96	20.801	28.983
98.61	-2.24	28.263	34.734
68.86	18.54	22.481	36.114
65.06	13.87	25.389	36.447
70.88	-36.62	13.315	35.282
77.80	-50.48	0.773	33.951
91.25	-8.08	19.859	34.596
39.96	18.71	24.442	40.169
53.87	-28.99	17.925	35.669
72.61	-9.11	21.786	35.242
112.96	-22.43	21.546	35.285
93.87	-51.11	3.508	33.964
84.88	-53.57	0.275	34.107
102.14	-38.44	12.810	35.253
106.39	-8.61	23.221	34.516
48.53	-48.53	3.252	33.767
93.89	-31.20	13.570	35.281
92.63	-34.72	15.002	35.636
107.35	-41.29	10.492	34.762
59.84	-49.46	3.732	33.694
135.31	-50.90	8.098	34.442
140.35	-53.86	2.597	33.859
69.33	-28.57	18.878	35.840
107.30	-44.56	9.992	34.752
80.46	-43.13	11.614	35.024
59.45	-37.48	14.248	35.419
71.86	-26.19	21.392	35.622
87.78	10.80	19.728	34.659
57.26	10.61	20.005	35.492
59.43	12.84	25.635	36.277
126.27	-47.66	9.427	34.660
51.81	-26.77	19.655	35.568
47.34	-27.44	23.674	35.218
67.03	14.40	23.949	36.216
92.09	0.43	28.205	35.404
79.06	-0.71	20.367	19.860
39.28	-47.32	3.080	33.818
68.25	13.29	22.454	36.118
138.77	-49.70	8.694	34.490
67.32	15.63	23.107	36.224
38.31	-22.39	22.263	35.328
52.21	2.18	20.802	35.326
42.54	-31.37	17.332	35.586
55.46	-37.48	16.477	35.582
71.50	10.01	22.237	35.889
125.95	-35.87	15.250	35.584
64.59	-12.91	23.671	35.012
67.81	-44.37	10.763	34.667
80.62	-42.46	11.683	35.034
54.59	-13.42	24.257	34.988
143.44	-41.75	11.658	35.093
64.14	11.25	23.330	36.220
28.06	-49.05	1.638	33.928
45.50	-44.21	4.452	33.828
140.75	-53.90	2.459	33.862
48.28	-3.51	19.908	35.234
90.33	1.82	25.609	35.264
86.48	-0.32	23.066	35.372
73.84	0.65	23.009	35.403
99.20	-41.99	10.988	34.933
58.55	11.98	25.276	36.146
63.30	10.92	22.707	36.243
48.62	-23.67	24.476	35.135
116.07	-52.07	2.030	33.983
54.26	-57.23	-0.245	33.915
96.98	-10.64	24.698	34.483
126.26	-45.08	9.876	34.656
92.64	5.49	24.152	34.625
65.13	17.89	21.933	38.408
125.55	-34.90	14.819	35.490
96.69	-41.92	10.880	34.882
110.74	-24.09	20.919	35.381
67.79	8.63	19.096	35.355
88.76	-5.28	17.360	34.945
101.16	-18.69	22.051	35.445
84.98	-27.64	18.474	32.407
61.60	3.50	20.092	36.061
88.10	-58.21	0.411	34.024
71.18	-52.77	1.739	33.883
107.92	-36.86	12.299	35.130
88.15	-55.06	0.930	34.048
143.50	-41.02	12.758	35.335
97.76	-57.52	-0.455	34.046
65.81	12.63	22.358	36.106
26.14	-46.60	4.232	33.762
133.98	-47.09	9.247	34.584
80.91	-41.71	11.935	35.069
80.56	-43.24	11.452	34.992
121.01	-43.13	10.309	34.754
80.87	-24.53	19.850	35.812
76.51	-9.29	25.670	35.396
47.34	12.23	14.885	35.612
63.72	3.86	19.395	35.587
36.06	-46.60	6.757	34.087
111.65	-29.90	17.013	35.782
89.42	-48.80	6.595	33.903
132.50	-37.51	12.790	35.161
55.57	-29.43	18.902	0.084
57.75	3.47	19.689	35.319
113.60	-54.02	1.501	33.966
65.64	19.55	22.951	36.350
126.45	-34.00	14.744	35.488
85.98	-44.20	10.623	34.853
28.00	-35.32	17.826	35.600
29.82	-48.09	7.090	33.994
60.94	-37.48	14.369	35.699
29.84	-43.45	10.910	34.817
54.34	12.66	15.289	35.427
93.60	-55.41	2.259	34.019
78.72	1.39	19.018	35.255
82.04	0.60	23.735	35.440
116.07	-37.97	14.528	35.447
66.74	10.48	24.456	36.147
53.12	-46.79	3.835	33.757
66.77	12.07	21.655	35.925
104.28	-49.62	3.724	33.930
65.62	-29.77	19.491	35.756
70.63	-26.36	19.554	35.707
69.43	-28.65	18.516	35.825
104.33	-14.21	22.657	34.681
142.98	-64.12	-0.945	34.177
109.88	-21.21	21.777	35.205
71.71	0.85	24.188	35.478
123.85	-55.67	2.241	33.917
66.07	11.52	25.367	36.233
44.42	-12.14	9999.000	9999.000
110.55	-38.08	12.658	35.149
100.61	-23.82	20.851	35.647
55.25	-50.65	2.813	33.758
90.24	0.66	27.847	35.551
128.70	-52.93	4.177	33.983
47.10	-25.72	19.785	35.439
111.11	-57.02	1.613	33.945
116.20	-52.67	2.410	33.934
32.10	-46.14	4.572	33.797
100.88	-27.22	15.745	35.694
117.89	-54.65	2.789	33.957
22.48	-45.84	8.286	34.242
114.41	-15.90	22.737	34.810
110.38	-18.19	22.163	35.181
80.72	-42.53	11.730	35.038
65.30	-40.19	14.056	35.387
128.15	-62.04	-0.889	33.920
92.65	5.46	24.417	34.414
105.39	-58.55	0.198	34.018
79.82	1.82	9999.000	9999.000
85.56	-18.32	22.598	35.217
117.75	-15.49	23.011	34.897
64.35	14.16	23.753	35.934
67.20	11.75	22.063	36.177
81.02	0.34	22.125	35.384
65.91	2.52	20.395	35.496
121.56	-55.27	2.114	33.906
113.03	-20.02	22.655	35.023
71.99	-21.27	22.226	35.445
78.67	-21.94	23.010	35.368
61.14	15.77	23.184	35.975
67.46	11.53	22.923	36.197
96.25	-0.10	28.443	35.198
121.51	-42.61	10.135	34.675
67.29	-22.98	22.496	35.372
25.69	-48.98	2.796	33.866
65.45	-15.77	23.794	35.084
44.64	-30.98	17.905	35.576
129.39	-59.57	0.727	33.928
29.46	-50.19	3.916	33.807
59.85	8.01	22.141	35.914
131.45	-60.89	0.717	33.897
52.38	-22.09	23.868	35.267
76.14	-23.50	21.662	35.624
65.98	10.35	23.942	36.187
138.74	-54.21	4.174	33.943
65.09	18.07	23.017	36.167
59.61	12.42	25.980	36.335
63.91	-14.04	24.123	34.982
113.36	-17.64	22.086	35.034
99.70	-35.64	13.883	35.430
95.52	-16.66	22.822	34.823
80.72	-41.73	11.839	35.033
131.82	-40.11	11.168	34.945
88.82	-39.67	11.750	35.009
79.32	-1.27	21.102	35.312
120.99	-45.98	9.510	34.627
114.17	-46.45	9.821	34.744
125.97	-44.91	9.842	34.644
36.19	-33.43	16.885	35.598
80.73	-43.28	11.610	35.005
37.91	19.94	23.722	40.355
143.47	-41.04	12.717	35.327
140.95	-49.62	8.567	34.471
60.05	22.55	19.960	36.277
72.31	-11.19	20.839	35.306
102.89	-42.73	10.754	34.833
50.29	-36.21	15.712	35.503
79.71	-23.70	19.254	35.785
82.73	-12.59	27.664	34.850
52.75	-11.43	20.986	35.216
106.54	-7.84	26.586	34.777
97.22	-54.64	0.765	34.040
83.87	11.55	21.194	34.836
66.08	-38.72	14.122	35.394
66.77	17.01	22.101	36.151
62.53	12.27	24.548	36.102
47.10	12.91	15.412	35.672
83.49	-13.56	27.458	35.044
137.46	-58.20	1.526	33.901
59.05	-30.13	17.583	35.617
77.75	-33.81	15.542	35.614
29.11	-52.33	0.627	34.106
51.36	-25.53	9999.000	9999.000
36.88	23.07	25.267	40.130
140.98	-46.77	9.161	34.573
137.16	-42.14	10.973	34.901
136.86	-39.35	11.905	35.093
104.02	-27.28	17.665	35.838
113.41	-22.33	21.502	35.256
91.69	-40.51	11.406	34.967
58.34	-13.36	24.590	34.934
124.79	-41.10	10.683	34.808
96.47	-33.09	14.962	35.551
75.84	-45.79	11.145	34.776
95.08	-1.64	28.248	35.302
86.35	-3.11	19.813	35.267
92.69	5.37	25.079	34.528
100.63	-56.12	0.992	34.026
39.91	18.74	24.374	40.145
86.19	4.20	23.435	35.176
93.55	1.83	27.952	35.323
78.48	-1.20	20.279	35.280
95.68	-36.17	12.613	35.132
138.03	-40.53	12.977	35.349
60.37	-29.92	19.056	35.657
126.82	-43.07	10.111	34.721
91.85	1.29	28.291	35.557
134.73	-45.53	9.472	34.584
69.62	-16.17	24.501	34.905
92.03	-16.38	22.752	36.048
99.61	-9.22	21.550	34.790
77.14	-4.81	18.467	35.095
78.37	-4.49	17.835	34.995
100.75	-4.71	26.020	35.056
41.72	-28.68	18.069	35.617
142.03	-40.22	12.456	35.264
98.53	-35.40	14.615	35.589
88.02	-11.76	26.741	34.634
85.82	-17.86	23.903	35.146
64.68	12.11	23.144	36.145
68.64	11.30	19.626	35.583
98.08	-17.65	21.657	35.103
22.50	-36.32	18.933	35.596
88.42	-17.41	24.041	34.566
75.27	-10.94	23.592	35.115
94.13	-13.85	24.159	34.590
91.33	-32.38	14.487	35.412
48.66	-29.08	21.797	35.459
144.67	-13.14	24.613	35.349
25.49	-37.00	18.127	35.660
74.27	1.51	18.019	35.083
42.29	-49.01	3.423	33.841
104.39	-35.24	12.241	35.098
84.39	-17.43	23.160	35.102
28.21	-42.25	13.378	35.189
103.85	-49.65	3.792	33.950
44.53	-32.78	17.139	35.567
119.07	-46.48	9.709	34.652
41.07	-22.09	20.044	35.252
33.57	-26.45	21.159	35.309
60.19	-23.24	23.061	35.331
80.87	-43.34	11.466	34.978
54.26	-33.04	17.999	35.629
80.83	-8.52	26.373	34.532
73.36	6.88	22.246	35.430
114.40	-36.23	14.247	35.440
129.95	-35.95	13.427	35.362
71.19	-52.78	1.862	33.884
54.04	-14.56	25.161	34.959
69.98	-31.37	15.981	35.625
65.80	-50.31	2.625	33.814
91.74	-49.77	3.848	33.878
52.86	-39.54	16.056	35.558
66.14	-45.65	4.181	33.684
44.30	-48.19	2.948	33.801
141.20	-41.20	12.162	35.186
136.64	-41.67	11.129	34.956
60.36	14.98	21.353	35.824
94.35	-55.57	2.447	34.007
87.85	-54.92	1.373	34.070
87.96	-58.44	0.568	34.029
94.72	-50.53	4.113	33.981
49.06	-20.89	23.767	35.163
112.88	-34.41	15.057	35.515
30.06	-37.37	18.442	35.525
88.48	12.83	21.016	35.722
85.38	15.75	22.350	35.177
91.17	12.55	21.628	34.842
88.41	-19.66	21.707	35.439
71.09	9.07	21.422	35.777
87.13	13.55	20.097	34.822
102.00	-9.94	21.429	34.486
99.76	-30.95	17.453	35.835
53.63	2.09	19.085	35.294
135.61	-50.65	8.213	34.431
76.96	-11.92	24.019	35.301
66.96	-16.26	24.481	35.196
44.64	1.63	9999.000	9999.000
101.26	-25.32	19.073	35.886
58.12	-3.92	15.832	35.143
122.51	-48.31	7.762	34.360
110.30	-40.39	11.295	34.879
104.26	-7.55	27.468	34.562
40.96	-15.85	24.304	35.101
84.01	-36.91	12.909	35.144
67.11	-53.09	1.959	33.862
64.14	8.52	20.379	35.786
98.34	-21.04	22.084	35.075
117.56	-60.24	0.142	34.019
115.53	-15.91	22.660	34.790
115.60	-37.93	14.763	35.492
134.62	-39.65	11.262	34.942
66.79	10.46	22.388	35.951
118.68	-13.94	24.643	34.694
91.81	-51.43	2.675	33.974
65.53	-43.55	14.638	35.414
59.40	-2.48	19.241	35.283
69.88	-20.40	22.144	35.501
95.69	-29.12	16.647	35.778
105.53	-37.47	11.483	34.971
56.08	-7.29	15.111	35.108
67.18	21.75	22.565	36.262
101.97	-24.16	19.475	35.805
75.90	-15.71	21.781	35.235
42.10	-21.61	19.656	35.295
83.72	15.70	16.450	34.912
46.19	-51.54	1.455	33.933
81.77	0.49	22.880	35.328
118.03	-14.48	23.311	34.366
138.66	-54.72	3.522	33.928
92.55	-10.92	23.856	34.319
91.29	-23.98	20.795	35.692
89.33	0.98	27.235	35.524
73.48	-28.22	18.320	35.827
103.85	-45.60	9.096	34.567
40.50	-37.47	16.659	35.577
68.00	6.32	20.235	35.491
87.08	-46.31	8.889	34.471
23.04	-50.62	1.363	33.948
121.83	-44.13	9.673	34.624
29.50	-51.17	2.559	33.873
20.75	-51.89	0.649	34.049
119.90	-39.18	11.682	34.868
56.73	-55.95	0.290	33.972
96.42	-37.71	12.031	35.057
97.60	-22.36	20.576	35.532
86.13	-3.04	9999.000	9999.000
104.61	-31.50	15.473	35.688
115.58	-35.68	12.980	23.307
61.40	-14.86	23.929	35.050
94.68	-53.97	1.996	33.976
97.61	-24.04	19.972	35.724
46.80	11.91	16.932	35.628
42.69	-45.46	5.251	33.785
68.19	14.56	22.255	36.123
53.99	-34.47	15.231	35.484
88.21	-42.98	11.509	33.000
105.74	-7.40	27.607	34.772
35.08	-48.73	2.807	33.933
82.07	4.45	19.669	35.168
65.48	16.24	22.002	35.829
84.12	-42.64	11.285	34.903
82.80	-46.60	4.214	33.747
48.75	-26.67	20.809	35.588
83.97	0.04	23.940	35.461
97.48	-54.47	0.916	34.042
38.28	-45.35	4.855	33.867
51.18	-41.39	9.416	34.456
95.96	-61.54	-0.956	34.326
99.40	-27.43	17.665	32.103
96.22	-17.02	23.419	34.840
132.64	-42.09	10.543	34.837
40.52	-26.83	19.499	35.602
45.81	2.30	9999.000	9999.000
88.87	18.25	21.115	34.810
141.27	-61.84	-0.979	34.015
120.51	-40.73	10.530	34.707
143.39	-64.99	-1.646	34.198
78.77	2.70	18.016	35.169
56.44	-34.16	14.984	35.516
107.30	-64.28	-1.869	34.335
42.26	-26.08	20.258	35.523
67.07	-11.69	22.540	35.136
39.27	-25.33	20.895	35.495
33.29	-39.10	12.853	35.087
53.17	7.97	25.585	35.548
43.55	-58.38	-0.870	33.871
88.30	-20.21	21.694	35.430
101.54	-8.82	20.106	34.543
86.43	-19.63	21.990	35.293
88.92	-40.69	11.748	34.980
22.35	-49.17	3.392	33.845
110.93	-17.87	21.775	35.097
105.75	-35.02	13.697	35.405
65.09	-66.33	-1.805	34.221
47.01	12.86	16.240	35.775
59.36	-6.62	14.757	35.120
20.78	-40.02	17.302	35.611
65.86	-1.20	21.398	35.320
87.82	-35.88	13.621	35.345
44.62	-5.04	17.241	35.292
92.59	-40.70	11.780	34.972
123.76	-56.48	1.953	33.922
82.20	-0.46	2.018	7.026
40.63	-48.25	2.785	33.803
114.75	-43.32	10.130	34.720
77.28	-17.28	23.799	34.985
72.10	-23.71	22.032	35.540
52.49	-9.28	22.642	35.267
85.23	-59.05	-0.229	34.380
57.49	-12.33	20.807	35.053
110.53	-46.20	7.462	34.297
36.87	23.05	24.635	40.192
126.29	-56.77	2.397	33.926
81.70	-1.21	21.029	35.382
84.28	-3.94	20.131	35.147
109.89	-34.15	14.005	35.415
23.46	-47.79	3.438	33.829
23.46	-50.62	1.492	33.917
94.73	-33.18	15.752	35.644
109.93	-15.09	23.359	31.808
84.63	-0.92	23.279	35.400
52.16	-10.19	22.607	35.087
92.47	-15.00	23.767	34.728
116.00	-14.30	24.338	34.520
31.51	-65.63	-1.769	34.339
71.42	9.98	22.528	35.946
132.88	-43.60	9.725	34.614
139.63	-41.10	13.044	35.351
68.85	10.67	21.921	36.008
90.00	-27.68	17.639	35.851
82.46	10.28	9999.000	9999.000
93.25	-50.05	6.096	33.988
130.00	-35.70	13.390	35.276
114.60	-47.89	8.746	34.603
143.11	-44.18	10.715	34.884
129.76	-40.06	11.134	34.900
47.58	-38.14	11.646	34.908
71.17	-52.78	1.925	33.879
98.49	-52.87	3.206	33.955
62.20	-38.36	14.135	35.356
35.76	-36.52	17.354	35.606
67.54	12.76	22.322	36.146
87.44	-54.88	1.266	34.074
65.55	19.50	23.129	36.383
87.64	-58.76	0.338	34.020
95.45	-55.79	2.387	34.009
139.31	-62.19	-0.357	33.991
113.65	-31.61	18.791	37.500
103.55	-17.22	21.050	34.642
121.65	-49.58	7.137	34.293
103.70	-49.48	4.021	33.962
140.03	-39.32	13.148	35.381
32.97	-33.02	19.417	29.218
109.89	-34.15	14.261	35.472
61.15	9.18	23.373	35.359
92.65	5.28	28.468	35.172
119.00	-14.69	23.910	34.765
57.56	8.06	20.331	35.572
117.20	-41.54	11.395	34.966
141.07	-46.68	9.167	34.576
33.45	-30.03	9999.000	9999.000
47.33	12.23	14.958	35.493
37.46	-23.96	23.206	35.351
116.00	-13.76	23.525	34.327
53.52	-22.46	24.057	35.170
62.59	-1.27	20.295	35.336
94.67	-26.79	16.830	35.784
97.54	-10.67	25.229	34.274
85.14	4.63	22.859	35.406
89.00	15.54	22.425	34.772
55.75	-28.75	18.896	35.710
100.72	-39.11	11.852	35.015
98.36	-7.15	20.983	34.456
34.30	-42.88	9.795	34.608
61.07	-17.08	24.033	34.982
129.73	-57.73	1.656	33.894
70.30	-42.15	13.683	35.353
97.66	-12.46	25.431	34.216
61.63	0.25	23.092	35.375
138.79	-62.65	-1.095	34.062
77.34	-25.02	20.625	35.800
83.14	-28.72	19.176	35.842
96.18	-39.20	11.211	34.920
67.22	10.50	22.211	36.042
138.36	-37.40	13.524	35.489
130.71	-36.64	13.490	35.333
144.41	-61.45	-0.909	33.983
91.73	-35.75	12.388	35.062
109.00	-31.91	15.763	35.666
79.05	-21.34	23.423	35.189
136.59	-41.98	11.224	34.982
124.56	-41.96	10.336	34.705
83.24	2.64	21.396	35.357
86.74	-0.33	25.499	35.450
73.53	0.13	20.595	35.358
90.31	1.85	27.198	35.508
84.02	-9.53	26.614	34.293
98.82	-8.16	21.421	34.487
70.21	-11.64	18.169	35.129
66.88	14.25	23.055	36.273
98.79	-30.29	16.629	35.782
84.55	-45.38	11.506	35.039
49.30	-38.00	16.562	35.599
72.06	-8.94	21.985	35.296
103.33	-7.39	25.492	34.616
28.17	-45.48	7.052	34.023
20.02	-47.45	6.141	33.893
70.81	-37.06	13.954	35.355
38.88	-32.06	20.921	35.471
68.06	-54.65	1.682	33.880
115.85	-12.23	23.093	34.705
64.63	16.00	9999.000	9999.000
93.86	-63.92	-1.564	34.341
73.50	-6.66	21.332	34.561
58.05	-38.12	14.466	35.440
113.88	-44.07	10.023	34.738
122.50	-38.12	11.815	28.595
69.55	17.86	20.209	0.000
85.44	-0.94	23.687	35.376
92.65	5.21	26.114	34.739
84.11	-12.26	27.810	34.884
32.37	-36.91	15.509	35.285
20.66	-36.00	11.119	34.951
49.41	-20.12	24.316	35.049
116.33	-55.12	1.921	33.953
37.85	19.73	24.015	40.257
81.75	-53.44	-1.126	0.026
88.38	-41.46	11.693	36.748
107.57	-14.75	23.995	34.568
55.20	-42.03	11.879	34.917
50.13	-2.72	19.076	35.240
108.54	-24.86	20.822	35.475
66.23	-60.60	-1.376	33.934
23.02	-45.43	8.590	34.291
66.17	11.26	24.369	36.246
95.42	-49.99	5.596	34.107
85.82	-56.45	0.878	34.068
97.77	-54.29	0.780	34.040
97.42	-29.11	16.936	35.832
39.22	-51.35	1.724	33.907
85.95	3.43	22.896	35.028
135.70	-50.41	8.334	34.450
42.93	-0.02	9999.000	9999.000
111.01	-34.62	14.512	35.447
74.06	-36.15	14.477	35.425
60.07	22.12	19.882	36.235
49.68	0.24	17.613	35.207
37.91	19.93	23.873	40.327
99.58	-26.21	18.935	35.844
68.85	-6.96	19.875	35.230
93.68	-29.04	17.771	35.822
99.31	-37.00	14.541	35.621
89.04	-37.37	11.880	34.987
69.80	18.55	22.789	35.950
89.66	0.30	27.506	35.524
68.26	15.70	21.364	38.358
67.92	17.29	9999.000	9999.000
75.82	-27.74	17.821	35.844
65.09	21.19	9999.000	9999.000
70.32	16.41	9999.000	9999.000
38.66	-31.55	20.641	35.473
109.46	-31.39	16.089	35.672
82.79	-13.38	26.879	35.071
67.42	17.13	9999.000	9999.000
77.18	-31.04	16.138	35.624
98.93	-45.59	8.893	34.528
65.12	14.03	22.964	35.857
72.17	14.14	22.872	36.039
119.71	-63.09	0.652	34.526
24.11	-41.01	10.579	34.649
107.71	-23.27	21.279	35.346
73.56	-41.35	12.394	35.074
131.03	-35.65	13.323	35.265
109.55	-42.18	10.528	34.727
90.68	-40.97	11.251	34.937
119.66	-41.31	10.923	34.794
78.28	-63.19	0.421	34.409
132.23	-58.26	1.413	33.895
99.39	-17.75	23.350	34.852
95.48	-64.52	-1.840	34.326
85.62	-18.48	22.709	35.230
97.34	-52.77	3.709	34.003
73.33	-20.85	22.301	35.454
133.88	-39.36	11.680	35.093
102.51	-37.60	12.522	35.237
81.32	0.66	24.792	35.453
66.84	9.89	21.717	35.794
105.60	-20.85	21.087	35.477
32.30	-45.86	5.665	33.944
105.83	-12.79	24.770	34.475
61.00	15.70	23.197	35.937
42.01	-21.03	25.698	35.172
34.91	-36.70	17.164	35.619
101.18	-30.57	17.285	35.861
63.90	-6.35	15.883	35.206
101.14	-14.14	23.422	34.591
92.66	5.11	27.934	35.411
48.83	-35.92	15.206	35.488
60.40	0.64	22.672	35.345
101.03	-40.11	12.040	35.129
130.84	-34.99	13.730	35.336
42.98	-41.74	12.797	35.084
39.88	18.76	24.186	40.172
41.53	-34.30	16.545	35.568
129.80	-41.30	11.204	34.946
35.45	-50.42	2.070	33.893
52.24	-24.38	24.102	35.129
96.56	-55.92	2.367	34.011
144.73	-45.61	10.454	34.821
88.88	-11.17	26.329	34.293
62.77	11.81	23.637	36.080
125.82	-43.05	9.808	34.625
70.84	16.56	21.766	36.042
112.37	-46.54	9.925	34.909
75.23	-10.46	26.547	35.057
116.03	-53.34	2.641	33.935
87.06	-54.65	1.345	34.074
66.59	12.01	21.701	35.901
43.27	-30.38	16.499	31.621
68.73	-38.14	13.937	35.340
32.85	-42.82	11.571	34.913
87.23	-58.95	0.325	34.019
115.58	-37.27	15.118	35.521
84.08	-31.81	14.115	31.035
104.04	-49.27	4.038	33.958
83.85	11.63	21.143	34.882
56.13	1.78	22.040	35.462
106.85	-43.99	10.049	34.751
91.93	1.14	28.245	35.450
89.01	-51.31	3.278	33.945
96.43	-21.29	22.196	35.091
76.03	-22.65	21.646	35.612
108.20	-12.53	20.909	34.653
37.37	-26.46	21.392	35.426
136.99	-61.95	-1.195	33.956
57.70	5.15	21.113	35.574
71.11	-52.74	2.020	33.881
51.97	-2.28	19.203	35.241
106.83	-34.98	14.242	35.390
78.37	-28.85	18.884	35.894
88.94	-28.45	17.598	33.141
104.07	-31.27	15.223	35.634
64.49	1.49	19.932	35.302
67.29	14.10	22.603	36.154
61.62	16.90	24.018	35.991
40.08	-51.96	1.276	33.956
129.96	-61.93	-1.170	33.958
89.61	-57.17	0.001	33.984
69.97	-2.35	20.940	35.300
60.17	2.00	20.768	35.326
92.02	-16.41	22.208	35.956
92.62	4.98	28.588	35.417
67.25	21.68	22.621	36.366
77.81	4.41	6.288	17.776
47.32	12.25	15.028	35.522
77.06	-4.93	17.690	35.034
123.85	-61.60	-0.738	33.988
66.70	17.95	23.432	36.316
78.06	-4.47	16.805	34.908
78.96	-1.61	19.359	35.234
111.52	-39.52	11.313	34.930
106.38	-53.03	1.744	33.999
103.70	-21.64	21.352	35.296
93.52	-6.80	23.506	35.151
31.51	-35.29	18.001	35.586
66.52	-13.24	23.815	35.028
73.34	-17.83	23.209	35.295
47.83	-23.73	23.287	35.195
114.77	-35.95	14.139	35.417
68.64	11.29	19.747	35.669
64.86	12.22	22.737	36.122
84.26	3.42	20.735	35.341
54.99	10.46	16.797	35.403
67.59	-14.45	23.610	35.075
115.83	-12.18	21.588	34.324
94.86	-28.06	17.074	35.704
64.68	-10.46	1.807	6.983
65.49	17.82	22.621	36.227
59.63	-28.29	19.922	35.608
71.72	-52.08	2.223	33.904
66.87	10.46	23.218	36.120
108.28	-31.46	16.047	35.725
98.14	-54.19	0.768	34.041
68.11	-58.78	-0.668	33.935
100.79	-26.62	16.905	35.810
127.87	-48.68	9.387	34.681
81.68	-61.54	1.541	34.504
50.47	-18.71	24.138	35.067
91.15	-28.66	17.401	28.856
94.51	5.91	23.190	34.509
128.29	-49.26	9.400	34.654
89.03	-18.76	23.287	35.091
79.83	-23.94	19.193	35.833
140.47	-44.84	11.327	35.002
106.08	-12.43	25.313	34.440
57.46	-53.95	1.156	33.931
81.05	-6.84	22.608	28.889
45.42	-51.58	1.503	33.931
31.20	-48.62	7.242	34.023
78.93	2.23	9999.000	9999.000
120.82	-53.45	4.612	34.110
131.31	-48.04	9.079	34.618
79.38	-12.81	19.161	35.037
70.18	-16.61	23.353	35.056
79.52	-40.47	12.147	35.087
85.37	15.95	23.566	35.316
87.20	13.53	20.704	34.846
91.17	12.33	23.301	34.974
88.38	12.95	20.950	35.714
121.84	-43.47	10.004	34.880
110.21	-42.44	10.245	34.715
68.66	-11.06	19.308	35.322
86.34	-4.33	18.368	34.997
116.65	-41.57	10.726	34.784
56.96	10.46	19.075	35.903
136.71	-49.02	8.461	34.482
141.15	-46.56	9.170	34.574
76.75	-21.61	21.579	35.566
117.18	-14.65	24.173	34.647
46.94	11.83	16.733	35.645
79.17	-0.28	20.511	35.336
119.69	-36.20	13.431	35.286
74.22	-32.03	16.395	35.629
