139.82	-38.82	9999.000	9999.000
90.76	8.79	9999.000	9999.000
71.87	-19.69	2.727	32.314
40.82	-32.68	2.809	34.714
115.38	-15.55	2.378	34.720
62.50	11.61	9999.000	9999.000
77.76	-33.59	9999.000	9999.000
94.09	-51.33	9999.000	9999.000
134.97	-49.09	9999.000	9999.000
95.44	-39.99	2.533	34.673
69.49	-51.79	9999.000	9999.000
61.68	-5.73	9999.000	9999.000
121.93	-36.67	2.400	34.693
94.40	-42.29	2.602	34.676
51.40	-57.31	0.802	34.705
110.05	-34.26	9999.000	9999.000
86.29	-3.47	9999.000	9999.000
42.69	-19.23	9999.000	9999.000
80.58	-42.25	9999.000	9999.000
84.67	-37.58	9999.000	9999.000
53.59	-31.42	9999.000	9999.000
95.74	-28.73	9999.000	9999.000
102.11	-24.34	9999.000	9999.000
72.12	-14.75	2.773	34.726
68.20	-10.40	9999.000	9999.000
83.28	-7.65	9999.000	9999.000
83.53	15.69	9999.000	9999.000
128.98	-38.73	2.334	34.698
81.60	0.18	9999.000	9999.000
55.87	16.60	9999.000	9999.000
33.51	-29.52	2.679	34.737
68.19	6.31	9999.000	9999.000
84.19	-17.83	9999.000	9999.000
89.05	-18.95	9999.000	9999.000
69.70	13.38	9999.000	9999.000
34.36	-39.71	2.802	34.719
85.10	14.25	9999.000	9999.000
92.37	-9.36	9999.000	9999.000
137.09	-42.45	9999.000	9999.000
102.61	-31.55	9999.000	9999.000
43.30	-52.87	9999.000	9999.000
83.12	-0.66	9999.000	9999.000
81.50	-41.72	9999.000	9999.000
93.27	-55.32	9999.000	9999.000
98.66	-54.24	9999.000	9999.000
49.35	-29.71	9999.000	9999.000
78.40	-20.82	9999.000	9999.000
62.31	-5.79	2.709	34.776
112.09	-45.92	9999.000	9999.000
80.58	-42.25	9999.000	9999.000
97.23	-45.96	9999.000	9999.000
122.58	-48.80	9999.000	9999.000
110.49	-10.61	9999.000	9999.000
86.24	-52.23	1.155	34.724
110.05	-34.26	9999.000	9999.000
50.38	-19.76	9999.000	9999.000
108.26	-45.04	9999.000	9999.000
71.18	-52.77	9999.000	9999.000
92.64	5.62	9999.000	9999.000
99.34	-18.13	9999.000	9999.000
98.63	-52.10	9999.000	9999.000
88.24	-55.48	9999.000	9999.000
80.96	-52.93	9999.000	9999.000
87.98	-57.95	9999.000	9999.000
144.78	-48.59	9999.000	9999.000
117.15	-40.39	9999.000	9999.000
106.22	-15.61	9999.000	9999.000
104.38	-49.40	9999.000	9999.000
76.02	-46.35	9999.000	9999.000
77.31	-20.28	9999.000	9999.000
134.38	-40.22	2.371	34.730
56.19	-20.41	9999.000	9999.000
110.10	-41.91	2.534	34.679
109.27	-52.19	9999.000	9999.000
37.84	19.76	9999.000	9999.000
142.06	-47.83	9999.000	9999.000
95.73	-19.24	9999.000	9999.000
140.91	-46.88	9999.000	9999.000
89.08	18.27	9999.000	9999.000
81.50	-41.72	9999.000	9999.000
68.36	12.90	3.106	34.836
74.67	6.13	9999.000	9999.000
104.42	-31.34	2.419	34.706
123.56	-52.26	9999.000	9999.000
93.24	-32.66	9999.000	9999.000
70.35	-4.20	9999.000	9999.000
98.32	-12.67	9999.000	9999.000
58.28	18.59	9999.000	9999.000
53.50	-38.94	9999.000	9999.000
50.55	-5.55	9999.000	9999.000
111.59	-32.09	2.358	34.705
72.49	-21.88	2.693	34.715
58.21	2.40	9999.000	9999.000
80.57	-42.38	9999.000	9999.000
54.10	-9.64	2.511	31.598
56.53	-20.60	2.393	34.716
76.36	-25.94	9999.000	9999.000
85.94	4.08	2.733	34.990
67.12	21.84	9999.000	9999.000
43.65	-10.98	2.819	34.759
133.05	-49.27	9999.000	9999.000
64.86	3.68	2.735	34.835
31.40	-30.89	9999.000	9999.000
44.61	-34.61	9999.000	9999.000
46.73	12.10	9999.000	9999.000
86.37	-37.59	2.561	34.678
76.77	1.08	2.858	35.865
93.29	-15.97	2.482	34.741
40.78	-45.17	9999.000	9999.000
82.00	-1.19	2.753	34.781
113.46	-56.24	9999.000	9999.000
46.57	1.71	2.695	34.810
59.15	-25.35	9999.000	9999.000
98.62	-1.69	9999.000	9999.000
77.03	-10.80	9999.000	9999.000
112.57	-30.69	9999.000	9999.000
82.59	10.66	2.807	34.765
83.85	-17.21	9999.000	9999.000
59.41	-3.78	9999.000	9999.000
53.27	-12.22	2.484	34.747
52.30	-5.21	2.663	34.980
45.58	-44.46	9999.000	9999.000
97.02	-54.75	9999.000	9999.000
66.55	18.01	3.158	34.868
112.73	-12.59	9999.000	9999.000
138.23	-57.55	1.467	34.738
64.22	18.88	9999.000	9999.000
81.16	-41.70	9999.000	9999.000
80.46	-43.13	9999.000	9999.000
99.44	-43.90	9999.000	9999.000
92.66	5.55	9999.000	9999.000
56.11	9.92	9999.000	9999.000
91.74	1.29	2.705	34.775
82.67	-4.70	9999.000	9999.000
66.00	-9.98	2.672	34.770
72.14	-23.45	9999.000	9999.000
75.66	-5.96	9999.000	9999.000
98.61	-2.24	2.672	34.805
68.86	18.54	9999.000	9999.000
65.06	13.87	2.895	34.826
70.88	-36.62	9999.000	9999.000
77.80	-50.48	9999.000	9999.000
91.25	-8.08	9999.000	9999.000
39.96	18.71	9999.000	9999.000
53.87	-28.99	9999.000	9999.000
72.61	-9.11	9999.000	9999.000
112.96	-22.43	9999.000	9999.000
93.87	-51.11	9999.000	9999.000
84.88	-53.57	9999.000	9999.000
102.14	-38.44	9999.000	9999.000
106.39	-8.61	9999.000	9999.000
48.53	-48.53	9999.000	9999.000
93.89	-31.20	9999.000	9999.000
92.63	-34.72	9999.000	9999.000
107.35	-41.29	9999.000	9999.000
59.84	-49.46	1.904	34.766
135.31	-50.90	9999.000	9999.000
140.35	-53.86	9999.000	9999.000
69.33	-28.57	9999.000	9999.000
107.30	-44.56	9999.000	9999.000
80.46	-43.13	9999.000	9999.000
59.45	-37.48	2.677	34.652
71.86	-26.19	9999.000	9999.000
87.78	10.80	9999.000	9999.000
57.26	10.61	3.606	34.732
59.43	12.84	9999.000	9999.000
126.27	-47.66	9999.000	9999.000
51.81	-26.77	9999.000	9999.000
47.34	-27.44	9999.000	9999.000
67.03	14.40	3.068	34.835
92.09	0.43	9999.000	9999.000
79.06	-0.71	2.858	21.977
39.28	-47.32	9999.000	9999.000
68.25	13.29	3.152	34.827
138.77	-49.70	9999.000	9999.000
67.32	15.63	9999.000	9999.000
38.31	-22.39	9999.000	9999.000
52.21	2.18	2.834	34.800
42.54	-31.37	9999.000	9999.000
55.46	-37.48	9999.000	9999.000
71.50	10.01	9999.000	9999.000
125.95	-35.87	9999.000	9999.000
64.59	-12.91	9999.000	9999.000
67.81	-44.37	2.388	34.766
80.62	-42.46	9999.000	9999.000
54.59	-13.42	2.558	34.732
143.44	-41.75	9999.000	9999.000
64.14	11.25	9999.000	9999.000
28.06	-49.05	9999.000	9999.000
45.50	-44.21	9999.000	9999.000
140.75	-53.90	9999.000	9999.000
48.28	-3.51	2.575	34.768
90.33	1.82	9999.000	9999.000
86.48	-0.32	9999.000	9999.000
73.84	0.65	9999.000	9999.000
99.20	-41.99	9999.000	9999.000
58.55	11.98	9999.000	9999.000
63.30	10.92	9999.000	9999.000
48.62	-23.67	9999.000	9999.000
116.07	-52.07	9999.000	9999.000
54.26	-57.23	9999.000	9999.000
96.98	-10.64	9999.000	9999.000
126.26	-45.08	9999.000	9999.000
92.64	5.49	9999.000	9999.000
65.13	17.89	9999.000	9999.000
125.55	-34.90	2.344	34.704
96.69	-41.92	2.480	34.698
110.74	-24.09	9999.000	9999.000
67.79	8.63	9999.000	9999.000
88.76	-5.28	9999.000	9999.000
101.16	-18.69	2.549	34.944
84.98	-27.64	9999.000	9999.000
61.60	3.50	9999.000	9999.000
88.10	-58.21	9999.000	9999.000
71.18	-52.77	9999.000	9999.000
107.92	-36.86	9999.000	9999.000
88.15	-55.06	9999.000	9999.000
143.50	-41.02	9999.000	9999.000
97.76	-57.52	9999.000	9999.000
65.81	12.63	9999.000	9999.000
26.14	-46.60	9999.000	9999.000
133.98	-47.09	9999.000	9999.000
80.91	-41.71	9999.000	9999.000
80.56	-43.24	9999.000	9999.000
121.01	-43.13	2.569	34.694
80.87	-24.53	9999.000	9999.000
76.51	-9.29	2.526	34.786
47.34	12.23	9999.000	9999.000
63.72	3.86	9999.000	9999.000
36.06	-46.60	9999.000	9999.000
111.65	-29.90	9999.000	9999.000
89.42	-48.80	2.314	34.735
132.50	-37.51	9999.000	9999.000
55.57	-29.43	9999.000	9999.000
57.75	3.47	9999.000	9999.000
113.60	-54.02	9999.000	9999.000
65.64	19.55	9999.000	9999.000
126.45	-34.00	9999.000	9999.000
85.98	-44.20	2.519	34.692
28.00	-35.32	2.865	34.711
29.82	-48.09	2.528	34.766
60.94	-37.48	9999.000	9999.000
29.84	-43.45	9999.000	9999.000
54.34	12.66	9999.000	9999.000
93.60	-55.41	9999.000	9999.000
78.72	1.39	2.887	34.766
82.04	0.60	9999.000	9999.000
116.07	-37.97	9999.000	9999.000
66.74	10.48	9999.000	9999.000
53.12	-46.79	1.840	34.762
66.77	12.07	9999.000	9999.000
104.28	-49.62	9999.000	9999.000
65.62	-29.77	9999.000	9999.000
70.63	-26.36	9999.000	9999.000
69.43	-28.65	9999.000	9999.000
104.33	-14.21	9999.000	9999.000
142.98	-64.12	0.553	34.689
109.88	-21.21	9999.000	9999.000
71.71	0.85	9999.000	9999.000
123.85	-55.67	9999.000	9999.000
66.07	11.52	9999.000	9999.000
44.42	-12.14	9999.000	9999.000
110.55	-38.08	2.520	34.674
100.61	-23.82	9999.000	9999.000
55.25	-50.65	9999.000	9999.000
90.24	0.66	2.754	34.800
128.70	-52.93	9999.000	9999.000
47.10	-25.72	9999.000	9999.000
111.11	-57.02	1.161	34.724
116.20	-52.67	9999.000	9999.000
32.10	-46.14	2.340	34.781
100.88	-27.22	9999.000	9999.000
117.89	-54.65	9999.000	9999.000
22.48	-45.84	2.491	34.761
114.41	-15.90	2.458	34.720
110.38	-18.19	2.380	34.719
80.72	-42.53	9999.000	9999.000
65.30	-40.19	2.765	34.630
128.15	-62.04	9999.000	9999.000
92.65	5.46	9999.000	9999.000
105.39	-58.55	9999.000	9999.000
79.82	1.82	9999.000	9999.000
85.56	-18.32	9999.000	9999.000
117.75	-15.49	9999.000	9999.000
64.35	14.16	2.921	34.816
67.20	11.75	9999.000	9999.000
81.02	0.34	9999.000	9999.000
65.91	2.52	2.750	34.781
121.56	-55.27	9999.000	9999.000
113.03	-20.02	9999.000	9999.000
71.99	-21.27	9999.000	9999.000
78.67	-21.94	9999.000	9999.000
61.14	15.77	9999.000	9999.000
67.46	11.53	9999.000	9999.000
96.25	-0.10	2.724	34.777
121.51	-42.61	9999.000	9999.000
67.29	-22.98	2.299	34.722
25.69	-48.98	9999.000	9999.000
65.45	-15.77	2.124	34.754
44.64	-30.98	9999.000	9999.000
129.39	-59.57	1.265	34.729
29.46	-50.19	2.212	34.748
59.85	8.01	9999.000	9999.000
131.45	-60.89	1.249	34.726
52.38	-22.09	9999.000	9999.000
76.14	-23.50	9999.000	9999.000
65.98	10.35	9999.000	9999.000
138.74	-54.21	1.881	34.748
65.09	18.07	9999.000	9999.000
59.61	12.42	9999.000	9999.000
63.91	-14.04	9999.000	9999.000
113.36	-17.64	9999.000	9999.000
99.70	-35.64	9999.000	9999.000
95.52	-16.66	9999.000	9999.000
80.72	-41.73	9999.000	9999.000
131.82	-40.11	9999.000	9999.000
88.82	-39.67	2.467	34.691
79.32	-1.27	2.737	34.793
120.99	-45.98	9999.000	9999.000
114.17	-46.45	9999.000	9999.000
125.97	-44.91	2.505	34.674
36.19	-33.43	9999.000	9999.000
80.73	-43.28	9999.000	9999.000
37.91	19.94	9999.000	9999.000
143.47	-41.04	9999.000	9999.000
140.95	-49.62	2.441	34.683
60.05	22.55	9999.000	9999.000
72.31	-11.19	9999.000	9999.000
102.89	-42.73	9999.000	9999.000
50.29	-36.21	9999.000	9999.000
79.71	-23.70	9999.000	9999.000
82.73	-12.59	9999.000	9999.000
52.75	-11.43	2.511	34.790
106.54	-7.84	9999.000	9999.000
97.22	-54.64	9999.000	9999.000
83.87	11.55	2.767	34.784
66.08	-38.72	2.717	34.642
66.77	17.01	9999.000	9999.000
62.53	12.27	9999.000	9999.000
47.10	12.91	9999.000	9999.000
83.49	-13.56	2.681	34.809
137.46	-58.20	9999.000	9999.000
59.05	-30.13	9999.000	9999.000
77.75	-33.81	9999.000	9999.000
29.11	-52.33	9999.000	9999.000
51.36	-25.53	9999.000	9999.000
36.88	23.07	9999.000	9999.000
140.98	-46.77	9999.000	9999.000
137.16	-42.14	2.328	34.710
136.86	-39.35	9999.000	9999.000
104.02	-27.28	9999.000	9999.000
113.41	-22.33	9999.000	9999.000
91.69	-40.51	9999.000	9999.000
58.34	-13.36	2.492	34.757
124.79	-41.10	9999.000	9999.000
96.47	-33.09	9999.000	9999.000
75.84	-45.79	9999.000	9999.000
95.08	-1.64	9999.000	9999.000
86.35	-3.11	9999.000	9999.000
92.69	5.37	9999.000	9999.000
100.63	-56.12	9999.000	9999.000
39.91	18.74	9999.000	9999.000
86.19	4.20	2.719	34.780
93.55	1.83	2.819	34.780
78.48	-1.20	2.867	34.771
95.68	-36.17	2.642	34.674
138.03	-40.53	9999.000	9999.000
60.37	-29.92	2.454	34.677
126.82	-43.07	9999.000	9999.000
91.85	1.29	2.790	34.779
134.73	-45.53	9999.000	9999.000
69.62	-16.17	9999.000	9999.000
92.03	-16.38	9999.000	9999.000
99.61	-9.22	9999.000	9999.000
77.14	-4.81	2.680	34.762
78.37	-4.49	9999.000	9999.000
100.75	-4.71	9999.000	9999.000
41.72	-28.68	9999.000	9999.000
142.03	-40.22	9999.000	9999.000
98.53	-35.40	2.450	34.717
88.02	-11.76	9999.000	9999.000
85.82	-17.86	2.602	34.739
64.68	12.11	9999.000	9999.000
68.64	11.30	9999.000	9999.000
98.08	-17.65	9999.000	9999.000
22.50	-36.32	9999.000	9999.000
88.42	-17.41	9999.000	9999.000
75.27	-10.94	2.759	34.785
94.13	-13.85	2.601	34.737
91.33	-32.38	9999.000	9999.000
48.66	-29.08	9999.000	9999.000
144.67	-13.14	2.311	34.649
25.49	-37.00	9999.000	9999.000
74.27	1.51	9999.000	9999.000
42.29	-49.01	2.119	34.780
104.39	-35.24	9999.000	9999.000
84.39	-17.43	2.553	34.760
28.21	-42.25	9999.000	9999.000
103.85	-49.65	9999.000	9999.000
44.53	-32.78	9999.000	9999.000
119.07	-46.48	9999.000	9999.000
41.07	-22.09	2.667	34.753
33.57	-26.45	9999.000	9999.000
60.19	-23.24	2.451	34.739
80.87	-43.34	9999.000	9999.000
54.26	-33.04	2.591	34.684
80.83	-8.52	9999.000	9999.000
73.36	6.88	9999.000	9999.000
114.40	-36.23	9999.000	9999.000
129.95	-35.95	2.373	34.711
71.19	-52.78	9999.000	9999.000
54.04	-14.56	2.473	34.739
69.98	-31.37	9999.000	9999.000
65.80	-50.31	9999.000	9999.000
91.74	-49.77	9999.000	9999.000
52.86	-39.54	3.029	34.573
66.14	-45.65	2.059	34.767
44.30	-48.19	9999.000	9999.000
141.20	-41.20	2.325	34.706
136.64	-41.67	9999.000	9999.000
60.36	14.98	9999.000	9999.000
94.35	-55.57	9999.000	9999.000
87.85	-54.92	9999.000	9999.000
87.96	-58.44	9999.000	9999.000
94.72	-50.53	9999.000	9999.000
49.06	-20.89	9999.000	9999.000
112.88	-34.41	2.405	34.704
30.06	-37.37	9999.000	9999.000
88.48	12.83	2.784	35.719
85.38	15.75	2.924	35.135
91.17	12.55	9999.000	9999.000
88.41	-19.66	2.542	34.731
71.09	9.07	9999.000	9999.000
87.13	13.55	2.756	34.783
102.00	-9.94	9999.000	9999.000
99.76	-30.95	9999.000	9999.000
53.63	2.09	9999.000	9999.000
135.61	-50.65	9999.000	9999.000
76.96	-11.92	9999.000	9999.000
66.96	-16.26	9999.000	9999.000
44.64	1.63	9999.000	9999.000
101.26	-25.32	2.421	34.716
58.12	-3.92	9999.000	9999.000
122.51	-48.31	9999.000	9999.000
110.30	-40.39	2.548	34.679
104.26	-7.55	2.529	34.781
40.96	-15.85	9999.000	9999.000
84.01	-36.91	9999.000	9999.000
67.11	-53.09	9999.000	9999.000
64.14	8.52	9999.000	9999.000
98.34	-21.04	9999.000	9999.000
117.56	-60.24	9999.000	9999.000
115.53	-15.91	9999.000	9999.000
115.60	-37.93	2.433	34.706
134.62	-39.65	2.346	34.702
66.79	10.46	9999.000	9999.000
118.68	-13.94	9999.000	9999.000
91.81	-51.43	1.548	34.740
65.53	-43.55	9999.000	9999.000
59.40	-2.48	9999.000	9999.000
69.88	-20.40	9999.000	9999.000
95.69	-29.12	9999.000	9999.000
105.53	-37.47	9999.000	9999.000
56.08	-7.29	2.653	34.724
67.18	21.75	9999.000	9999.000
101.97	-24.16	9999.000	9999.000
75.90	-15.71	9999.000	9999.000
42.10	-21.61	2.650	34.789
83.72	15.70	9999.000	9999.000
46.19	-51.54	9999.000	9999.000
81.77	0.49	9999.000	9999.000
118.03	-14.48	9999.000	9999.000
138.66	-54.72	9999.000	9999.000
92.55	-10.92	9999.000	9999.000
91.29	-23.98	9999.000	9999.000
89.33	0.98	9999.000	9999.000
73.48	-28.22	9999.000	9999.000
103.85	-45.60	9999.000	9999.000
40.50	-37.47	9999.000	9999.000
68.00	6.32	9999.000	9999.000
87.08	-46.31	2.370	34.740
23.04	-50.62	1.098	34.716
121.83	-44.13	2.546	34.667
29.50	-51.17	9999.000	9999.000
20.75	-51.89	9999.000	9999.000
119.90	-39.18	9999.000	9999.000
56.73	-55.95	9999.000	9999.000
96.42	-37.71	9999.000	9999.000
97.60	-22.36	9999.000	9999.000
86.13	-3.04	9999.000	9999.000
104.61	-31.50	9999.000	9999.000
115.58	-35.68	9999.000	9999.000
61.40	-14.86	9999.000	9999.000
94.68	-53.97	9999.000	9999.000
97.61	-24.04	9999.000	9999.000
46.80	11.91	9999.000	9999.000
42.69	-45.46	9999.000	9999.000
68.19	14.56	9999.000	9999.000
53.99	-34.47	2.595	34.662
88.21	-42.98	9999.000	9999.000
105.74	-7.40	9999.000	9999.000
35.08	-48.73	1.882	34.804
82.07	4.45	2.931	34.791
65.48	16.24	9999.000	9999.000
84.12	-42.64	9999.000	9999.000
82.80	-46.60	2.096	34.752
48.75	-26.67	2.501	34.729
83.97	0.04	2.877	34.829
97.48	-54.47	9999.000	9999.000
38.28	-45.35	9999.000	9999.000
51.18	-41.39	9999.000	9999.000
95.96	-61.54	9999.000	9999.000
99.40	-27.43	9999.000	9999.000
96.22	-17.02	9999.000	9999.000
132.64	-42.09	9999.000	9999.000
40.52	-26.83	2.749	34.758
45.81	2.30	9999.000	9999.000
88.87	18.25	2.765	34.778
141.27	-61.84	0.843	34.708
120.51	-40.73	9999.000	9999.000
143.39	-64.99	0.180	34.677
78.77	2.70	9999.000	9999.000
56.44	-34.16	9999.000	9999.000
107.30	-64.28	9999.000	9999.000
42.26	-26.08	2.673	34.773
67.07	-11.69	9999.000	9999.000
39.27	-25.33	9999.000	9999.000
33.29	-39.10	9999.000	9999.000
53.17	7.97	2.867	34.817
43.55	-58.38	0.614	34.687
88.30	-20.21	9999.000	9999.000
101.54	-8.82	9999.000	9999.000
86.43	-19.63	9999.000	9999.000
88.92	-40.69	2.524	34.679
22.35	-49.17	1.798	34.760
110.93	-17.87	9999.000	9999.000
105.75	-35.02	9999.000	9999.000
65.09	-66.33	9999.000	9999.000
47.01	12.86	9999.000	9999.000
59.36	-6.62	2.760	34.760
20.78	-40.02	2.745	34.801
65.86	-1.20	2.776	34.776
87.82	-35.88	9999.000	9999.000
44.62	-5.04	2.830	34.812
92.59	-40.70	9999.000	9999.000
123.76	-56.48	9999.000	9999.000
82.20	-0.46	9999.000	9999.000
40.63	-48.25	9999.000	9999.000
114.75	-43.32	9999.000	9999.000
77.28	-17.28	2.652	34.727
72.10	-23.71	9999.000	9999.000
52.49	-9.28	2.495	34.767
85.23	-59.05	9999.000	9999.000
57.49	-12.33	9999.000	9999.000
110.53	-46.20	2.257	34.732
36.87	23.05	9999.000	9999.000
126.29	-56.77	1.476	34.741
81.70	-1.21	9999.000	9999.000
84.28	-3.94	9999.000	9999.000
109.89	-34.15	9999.000	9999.000
23.46	-47.79	2.028	34.759
23.46	-50.62	1.131	34.720
94.73	-33.18	2.461	34.693
109.93	-15.09	9999.000	9999.000
84.63	-0.92	9999.000	9999.000
52.16	-10.19	2.458	34.790
92.47	-15.00	2.506	34.738
116.00	-14.30	9999.000	9999.000
31.51	-65.63	9999.000	9999.000
71.42	9.98	9999.000	9999.000
132.88	-43.60	9999.000	9999.000
139.63	-41.10	9999.000	9999.000
68.85	10.67	9999.000	9999.000
90.00	-27.68	9999.000	9999.000
82.46	10.28	9999.000	9999.000
93.25	-50.05	9999.000	9999.000
130.00	-35.70	9999.000	9999.000
114.60	-47.89	2.304	34.749
143.11	-44.18	9999.000	9999.000
129.76	-40.06	2.366	34.697
47.58	-38.14	2.460	34.704
71.17	-52.78	9999.000	9999.000
98.49	-52.87	9999.000	9999.000
62.20	-38.36	2.613	34.681
35.76	-36.52	9999.000	9999.000
67.54	12.76	9999.000	9999.000
87.44	-54.88	9999.000	9999.000
65.55	19.50	9999.000	9999.000
87.64	-58.76	9999.000	9999.000
95.45	-55.79	9999.000	9999.000
139.31	-62.19	9999.000	9999.000
113.65	-31.61	9999.000	9999.000
103.55	-17.22	9999.000	9999.000
121.65	-49.58	2.276	34.714
103.70	-49.48	9999.000	9999.000
140.03	-39.32	9999.000	9999.000
32.97	-33.02	9999.000	9999.000
109.89	-34.15	9999.000	9999.000
61.15	9.18	9999.000	9999.000
92.65	5.28	9999.000	9999.000
119.00	-14.69	9999.000	9999.000
57.56	8.06	9999.000	9999.000
117.20	-41.54	2.549	34.770
141.07	-46.68	9999.000	9999.000
33.45	-30.03	9999.000	9999.000
47.33	12.23	9999.000	9999.000
37.46	-23.96	9999.000	9999.000
116.00	-13.76	2.431	34.720
53.52	-22.46	9999.000	9999.000
62.59	-1.27	9999.000	9999.000
94.67	-26.79	9999.000	9999.000
97.54	-10.67	9999.000	9999.000
85.14	4.63	2.705	34.792
89.00	15.54	9999.000	9999.000
55.75	-28.75	9999.000	9999.000
100.72	-39.11	9999.000	9999.000
98.36	-7.15	2.607	34.748
34.30	-42.88	2.613	34.776
61.07	-17.08	9999.000	9999.000
129.73	-57.73	9999.000	9999.000
70.30	-42.15	9999.000	9999.000
97.66	-12.46	9999.000	9999.000
61.63	0.25	9999.000	9999.000
138.79	-62.65	0.578	34.690
77.34	-25.02	9999.000	9999.000
83.14	-28.72	2.563	34.699
96.18	-39.20	9999.000	9999.000
67.22	10.50	3.085	34.814
138.36	-37.40	9999.000	9999.000
130.71	-36.64	9999.000	9999.000
144.41	-61.45	9999.000	9999.000
91.73	-35.75	2.525	34.685
109.00	-31.91	9999.000	9999.000
79.05	-21.34	9999.000	9999.000
136.59	-41.98	9999.000	9999.000
124.56	-41.96	2.495	34.670
83.24	2.64	2.691	34.776
86.74	-0.33	9999.000	9999.000
73.53	0.13	9999.000	9999.000
90.31	1.85	2.632	34.776
84.02	-9.53	9999.000	9999.000
98.82	-8.16	9999.000	9999.000
70.21	-11.64	2.663	34.753
66.88	14.25	3.112	34.844
98.79	-30.29	9999.000	9999.000
84.55	-45.38	9999.000	9999.000
49.30	-38.00	2.531	34.691
72.06	-8.94	9999.000	9999.000
103.33	-7.39	9999.000	9999.000
28.17	-45.48	2.490	34.752
20.02	-47.45	9999.000	9999.000
70.81	-37.06	9999.000	9999.000
38.88	-32.06	9999.000	9999.000
68.06	-54.65	9999.000	9999.000
115.85	-12.23	9999.000	9999.000
64.63	16.00	9999.000	9999.000
93.86	-63.92	9999.000	9999.000
73.50	-6.66	9999.000	9999.000
58.05	-38.12	9999.000	9999.000
113.88	-44.07	9999.000	9999.000
122.50	-38.12	9999.000	9999.000
69.55	17.86	9999.000	9999.000
85.44	-0.94	9999.000	9999.000
92.65	5.21	9999.000	9999.000
84.11	-12.26	9999.000	9999.000
32.37	-36.91	9999.000	9999.000
20.66	-36.00	9999.000	9999.000
49.41	-20.12	9999.000	9999.000
116.33	-55.12	9999.000	9999.000
37.85	19.73	9999.000	9999.000
81.75	-53.44	9999.000	9999.000
88.38	-41.46	9999.000	9999.000
107.57	-14.75	9999.000	9999.000
55.20	-42.03	2.436	34.739
50.13	-2.72	9999.000	9999.000
108.54	-24.86	9999.000	9999.000
66.23	-60.60	0.922	34.712
23.02	-45.43	2.610	34.788
66.17	11.26	9999.000	9999.000
95.42	-49.99	9999.000	9999.000
85.82	-56.45	9999.000	9999.000
97.77	-54.29	9999.000	9999.000
97.42	-29.11	2.522	34.695
39.22	-51.35	1.388	34.747
85.95	3.43	2.744	34.783
135.70	-50.41	9999.000	9999.000
42.93	-0.02	9999.000	9999.000
111.01	-34.62	9999.000	9999.000
74.06	-36.15	9999.000	9999.000
60.07	22.12	9999.000	9999.000
49.68	0.24	9999.000	9999.000
37.91	19.93	9999.000	9999.000
99.58	-26.21	9999.000	9999.000
68.85	-6.96	9999.000	9999.000
93.68	-29.04	9999.000	9999.000
99.31	-37.00	9999.000	9999.000
89.04	-37.37	2.495	34.689
69.80	18.55	9999.000	9999.000
89.66	0.30	2.751	34.784
68.26	15.70	9999.000	9999.000
67.92	17.29	9999.000	9999.000
75.82	-27.74	9999.000	9999.000
65.09	21.19	9999.000	9999.000
70.32	16.41	9999.000	9999.000
38.66	-31.55	9999.000	9999.000
109.46	-31.39	2.342	34.700
82.79	-13.38	9999.000	9999.000
67.42	17.13	9999.000	9999.000
77.18	-31.04	2.357	34.729
98.93	-45.59	2.320	34.731
65.12	14.03	2.927	34.825
72.17	14.14	9999.000	9999.000
119.71	-63.09	9999.000	9999.000
24.11	-41.01	2.731	34.792
107.71	-23.27	2.494	34.709
73.56	-41.35	9999.000	9999.000
131.03	-35.65	2.366	34.696
109.55	-42.18	9999.000	9999.000
90.68	-40.97	9999.000	9999.000
119.66	-41.31	9999.000	9999.000
78.28	-63.19	9999.000	9999.000
132.23	-58.26	1.371	34.734
99.39	-17.75	9999.000	9999.000
95.48	-64.52	9999.000	9999.000
85.62	-18.48	9999.000	9999.000
97.34	-52.77	1.571	34.760
73.33	-20.85	9999.000	9999.000
133.88	-39.36	9999.000	9999.000
102.51	-37.60	9999.000	9999.000
81.32	0.66	9999.000	9999.000
66.84	9.89	3.045	34.823
105.60	-20.85	9999.000	9999.000
32.30	-45.86	9999.000	9999.000
105.83	-12.79	2.626	34.728
61.00	15.70	9999.000	9999.000
42.01	-21.03	9999.000	9999.000
34.91	-36.70	9999.000	9999.000
101.18	-30.57	9999.000	9999.000
63.90	-6.35	9999.000	9999.000
101.14	-14.14	9999.000	9999.000
92.66	5.11	9999.000	9999.000
48.83	-35.92	9999.000	9999.000
60.40	0.64	9999.000	9999.000
101.03	-40.11	2.424	34.699
130.84	-34.99	9999.000	9999.000
42.98	-41.74	9999.000	9999.000
39.88	18.76	9999.000	9999.000
41.53	-34.30	9999.000	9999.000
129.80	-41.30	2.420	34.704
35.45	-50.42	9999.000	9999.000
52.24	-24.38	9999.000	9999.000
96.56	-55.92	9999.000	9999.000
144.73	-45.61	2.392	34.687
88.88	-11.17	9999.000	9999.000
62.77	11.81	2.890	34.828
125.82	-43.05	9999.000	9999.000
70.84	16.56	9999.000	9999.000
112.37	-46.54	9999.000	9999.000
75.23	-10.46	9999.000	9999.000
116.03	-53.34	1.339	34.717
87.06	-54.65	9999.000	9999.000
66.59	12.01	9999.000	9999.000
43.27	-30.38	9999.000	9999.000
68.73	-38.14	2.685	34.646
32.85	-42.82	9999.000	9999.000
87.23	-58.95	9999.000	9999.000
115.58	-37.27	2.288	34.711
84.08	-31.81	9999.000	9999.000
104.04	-49.27	9999.000	9999.000
83.85	11.63	2.771	34.785
56.13	1.78	2.745	34.850
106.85	-43.99	2.552	34.657
91.93	1.14	2.742	34.777
89.01	-51.31	9999.000	9999.000
96.43	-21.29	9999.000	9999.000
76.03	-22.65	9999.000	9999.000
108.20	-12.53	9999.000	9999.000
37.37	-26.46	9999.000	9999.000
136.99	-61.95	9999.000	9999.000
57.70	5.15	9999.000	9999.000
71.11	-52.74	9999.000	9999.000
51.97	-2.28	9999.000	9999.000
106.83	-34.98	9999.000	9999.000
78.37	-28.85	9999.000	9999.000
88.94	-28.45	9999.000	9999.000
104.07	-31.27	2.425	34.705
64.49	1.49	9999.000	9999.000
67.29	14.10	3.047	34.869
61.62	16.90	3.200	34.847
40.08	-51.96	9999.000	9999.000
129.96	-61.93	0.937	34.724
89.61	-57.17	9999.000	9999.000
69.97	-2.35	9999.000	9999.000
60.17	2.00	9999.000	9999.000
92.02	-16.41	9999.000	9999.000
92.62	4.98	9999.000	9999.000
67.25	21.68	9999.000	9999.000
77.81	4.41	9999.000	9999.000
47.32	12.25	9999.000	9999.000
77.06	-4.93	9999.000	9999.000
123.85	-61.60	0.900	34.718
66.70	17.95	9999.000	9999.000
78.06	-4.47	9999.000	9999.000
78.96	-1.61	9999.000	9999.000
111.52	-39.52	9999.000	9999.000
106.38	-53.03	9999.000	9999.000
103.70	-21.64	9999.000	9999.000
93.52	-6.80	9999.000	9999.000
31.51	-35.29	2.826	35.507
66.52	-13.24	2.498	34.735
73.34	-17.83	9999.000	9999.000
47.83	-23.73	9999.000	9999.000
114.77	-35.95	9999.000	9999.000
68.64	11.29	9999.000	9999.000
64.86	12.22	9999.000	9999.000
84.26	3.42	9999.000	9999.000
54.99	10.46	2.694	34.803
67.59	-14.45	9999.000	9999.000
115.83	-12.18	9999.000	9999.000
94.86	-28.06	2.459	34.642
64.68	-10.46	9999.000	9999.000
65.49	17.82	9999.000	9999.000
59.63	-28.29	2.438	34.698
71.72	-52.08	9999.000	9999.000
66.87	10.46	9999.000	9999.000
108.28	-31.46	2.416	34.707
98.14	-54.19	9999.000	9999.000
68.11	-58.78	9999.000	9999.000
100.79	-26.62	9999.000	9999.000
127.87	-48.68	9999.000	9999.000
81.68	-61.54	9999.000	9999.000
50.47	-18.71	2.521	34.724
91.15	-28.66	2.364	28.148
94.51	5.91	9999.000	9999.000
128.29	-49.26	2.377	34.717
89.03	-18.76	9999.000	9999.000
79.83	-23.94	9999.000	9999.000
140.47	-44.84	9999.000	9999.000
106.08	-12.43	2.621	34.725
57.46	-53.95	9999.000	9999.000
81.05	-6.84	9999.000	9999.000
45.42	-51.58	1.339	34.736
31.20	-48.62	9999.000	9999.000
78.93	2.23	9999.000	9999.000
120.82	-53.45	9999.000	9999.000
131.31	-48.04	9999.000	9999.000
79.38	-12.81	2.735	34.749
70.18	-16.61	9999.000	9999.000
79.52	-40.47	9999.000	9999.000
85.37	15.95	2.987	35.156
87.20	13.53	2.718	34.782
91.17	12.33	9999.000	9999.000
88.38	12.95	9999.000	9999.000
121.84	-43.47	9999.000	9999.000
110.21	-42.44	9999.000	9999.000
68.66	-11.06	2.848	34.761
86.34	-4.33	9999.000	9999.000
116.65	-41.57	9999.000	9999.000
56.96	10.46	9999.000	9999.000
136.71	-49.02	9999.000	9999.000
141.15	-46.56	9999.000	9999.000
76.75	-21.61	9999.000	9999.000
117.18	-14.65	9999.000	9999.000
46.94	11.83	9999.000	9999.000
79.17	-0.28	2.678	34.802
119.69	-36.20	9999.000	9999.000
74.22	-32.03	9999.000	9999.000
