139.82	-38.82	8.160	34.521
90.76	8.79	8.473	35.046
71.87	-19.69	7.623	32.096
40.82	-32.68	10.817	34.889
115.38	-15.55	6.342	34.626
62.50	11.61	10.393	35.556
77.76	-33.59	9.918	34.765
94.09	-51.33	2.457	34.532
134.97	-49.09	4.745	34.309
95.44	-39.99	9.456	34.688
69.49	-51.79	2.412	34.577
61.68	-5.73	7.943	34.840
121.93	-36.67	9.145	34.665
94.40	-42.29	9.619	34.716
51.40	-57.31	1.917	34.707
110.05	-34.26	9999.000	9999.000
86.29	-3.47	9999.000	9999.000
42.69	-19.23	8.295	34.689
80.58	-42.25	10.198	34.768
84.67	-37.58	9.783	34.748
53.59	-31.42	10.794	34.927
95.74	-28.73	8.279	34.569
102.11	-24.34	8.228	34.585
72.12	-14.75	7.444	34.677
68.20	-10.40	8.215	34.800
83.28	-7.65	7.489	34.788
83.53	15.69	8.454	34.995
128.98	-38.73	8.007	34.522
81.60	0.18	8.773	34.927
55.87	16.60	11.224	35.685
33.51	-29.52	10.190	34.804
68.19	6.31	9.539	35.198
84.19	-17.83	7.347	34.535
89.05	-18.95	7.348	34.597
69.70	13.38	10.224	35.416
34.36	-39.71	9.446	34.720
85.10	14.25	8.581	35.012
92.37	-9.36	6.909	34.747
137.09	-42.45	7.608	34.495
102.61	-31.55	8.055	34.542
43.30	-52.87	2.136	34.682
83.12	-0.66	8.388	35.035
81.50	-41.72	9.006	34.624
93.27	-55.32	2.439	34.539
98.66	-54.24	2.332	34.620
49.35	-29.71	10.151	34.811
78.40	-20.82	9.050	34.654
62.31	-5.79	7.999	34.834
112.09	-45.92	8.175	34.555
80.58	-42.25	9999.000	9999.000
97.23	-45.96	3.341	34.291
122.58	-48.80	3.982	34.298
110.49	-10.61	6.324	34.655
86.24	-52.23	1.876	34.720
110.05	-34.26	9999.000	9999.000
50.38	-19.76	8.711	34.646
108.26	-45.04	8.764	34.575
71.18	-52.77	2.433	34.544
92.64	5.62	8.779	35.020
99.34	-18.13	6.797	34.628
98.63	-52.10	2.516	34.507
88.24	-55.48	2.222	34.744
80.96	-52.93	1.940	34.718
87.98	-57.95	2.195	34.688
144.78	-48.59	6.343	34.386
117.15	-40.39	8.552	34.584
106.22	-15.61	6.748	34.659
104.38	-49.40	2.352	34.677
76.02	-46.35	4.830	34.321
77.31	-20.28	8.690	34.618
134.38	-40.22	7.853	34.547
56.19	-20.41	8.957	34.728
110.10	-41.91	8.603	34.583
109.27	-52.19	2.275	34.620
37.84	19.76	9999.000	9999.000
142.06	-47.83	6.126	34.410
95.73	-19.24	7.073	34.641
140.91	-46.88	8.308	34.528
89.08	18.27	8.692	34.998
81.50	-41.72	9999.000	9999.000
68.36	12.90	10.315	35.425
74.67	6.13	8.731	35.061
104.42	-31.34	8.353	34.561
123.56	-52.26	2.641	34.414
93.24	-32.66	6.003	34.431
70.35	-4.20	8.139	34.946
98.32	-12.67	7.117	34.672
58.28	18.59	11.569	35.776
53.50	-38.94	11.451	34.997
50.55	-5.55	8.002	34.878
111.59	-32.09	7.895	34.524
72.49	-21.88	8.966	34.646
58.21	2.40	9.594	35.175
80.57	-42.38	10.056	34.756
54.10	-9.64	7.363	31.541
56.53	-20.60	8.589	34.623
76.36	-25.94	9.476	34.708
85.94	4.08	8.643	35.002
67.12	21.84	11.236	35.641
43.65	-10.98	8.005	34.683
133.05	-49.27	8.241	34.532
64.86	3.68	9.272	35.177
31.40	-30.89	9.227	34.733
44.61	-34.61	9.745	34.763
46.73	12.10	12.547	36.035
86.37	-37.59	10.874	34.892
76.77	1.08	8.762	36.162
93.29	-15.97	6.764	34.666
40.78	-45.17	3.066	34.318
82.00	-1.19	8.510	35.011
113.46	-56.24	2.380	34.583
46.57	1.71	9.073	35.054
59.15	-25.35	10.021	34.795
98.62	-1.69	8.834	34.994
77.03	-10.80	7.830	34.758
112.57	-30.69	8.123	34.553
82.59	10.66	8.388	34.995
83.85	-17.21	7.082	34.564
59.41	-3.78	7.869	34.980
53.27	-12.22	7.262	34.743
52.30	-5.21	8.186	35.086
45.58	-44.46	2.919	34.295
97.02	-54.75	2.194	34.691
66.55	18.01	11.211	35.637
112.73	-12.59	7.339	25.250
138.23	-57.55	2.494	34.605
64.22	18.88	11.103	35.616
81.16	-41.70	9.195	34.644
80.46	-43.13	7.584	34.514
99.44	-43.90	9.109	34.655
92.66	5.55	8.970	35.024
56.11	9.92	9999.000	9999.000
91.74	1.29	8.463	35.017
82.67	-4.70	7.906	34.867
66.00	-9.98	7.475	34.780
72.14	-23.45	9.307	34.678
75.66	-5.96	7.608	28.809
98.61	-2.24	8.315	35.013
68.86	18.54	10.925	35.596
65.06	13.87	10.468	35.463
70.88	-36.62	10.966	34.919
77.80	-50.48	2.334	34.659
91.25	-8.08	7.566	34.792
39.96	18.71	9999.000	9999.000
53.87	-28.99	10.113	34.854
72.61	-9.11	8.409	34.821
112.96	-22.43	6.783	34.558
93.87	-51.11	2.580	34.416
84.88	-53.57	1.882	34.735
102.14	-38.44	9.006	34.634
106.39	-8.61	7.667	34.788
48.53	-48.53	2.505	34.466
93.89	-31.20	8.406	34.586
92.63	-34.72	5.460	34.402
107.35	-41.29	8.107	34.552
59.84	-49.46	2.565	34.469
135.31	-50.90	4.242	34.265
140.35	-53.86	2.447	34.580
69.33	-28.57	9.997	34.795
107.30	-44.56	8.904	34.614
80.46	-43.13	9999.000	9999.000
59.45	-37.48	11.168	34.936
71.86	-26.19	9.639	34.722
87.78	10.80	8.550	35.010
57.26	10.61	10.667	35.443
59.43	12.84	10.965	35.541
126.27	-47.66	8.248	34.545
51.81	-26.77	9.714	34.768
47.34	-27.44	10.711	34.888
67.03	14.40	10.571	35.480
92.09	0.43	8.389	35.007
79.06	-0.71	8.683	21.294
39.28	-47.32	2.679	34.376
68.25	13.29	10.189	35.409
138.77	-49.70	6.098	34.349
67.32	15.63	10.433	35.470
38.31	-22.39	8.644	34.692
52.21	2.18	9.707	35.191
42.54	-31.37	10.426	34.857
55.46	-37.48	11.067	34.942
71.50	10.01	9.267	35.177
125.95	-35.87	7.733	34.525
64.59	-12.91	6.979	34.701
67.81	-44.37	4.624	34.342
80.62	-42.46	10.093	34.764
54.59	-13.42	8.237	34.709
143.44	-41.75	7.704	34.479
64.14	11.25	10.480	35.547
28.06	-49.05	2.228	34.617
45.50	-44.21	2.810	34.315
140.75	-53.90	2.429	34.582
48.28	-3.51	8.048	34.910
90.33	1.82	8.542	35.025
86.48	-0.32	8.333	34.987
73.84	0.65	8.577	34.994
99.20	-41.99	8.445	34.599
58.55	11.98	10.117	35.385
63.30	10.92	10.230	35.577
48.62	-23.67	10.042	34.805
116.07	-52.07	2.296	34.659
54.26	-57.23	2.056	34.694
96.98	-10.64	7.092	34.883
126.26	-45.08	7.160	34.475
92.64	5.49	8.755	35.018
65.13	17.89	11.032	39.356
125.55	-34.90	8.500	34.578
96.69	-41.92	6.786	34.368
110.74	-24.09	6.216	34.440
67.79	8.63	9.316	35.205
88.76	-5.28	7.853	34.884
101.16	-18.69	6.607	34.761
84.98	-27.64	9.014	31.361
61.60	3.50	9.467	35.885
88.10	-58.21	2.195	34.689
71.18	-52.77	2.426	34.561
107.92	-36.86	8.643	34.592
88.15	-55.06	2.251	34.742
143.50	-41.02	7.757	34.497
97.76	-57.52	1.901	34.756
65.81	12.63	10.640	35.505
26.14	-46.60	2.811	34.290
133.98	-47.09	7.436	34.418
80.91	-41.71	9.755	34.709
80.56	-43.24	7.515	34.505
121.01	-43.13	8.609	34.624
80.87	-24.53	8.772	34.626
76.51	-9.29	7.316	34.761
47.34	12.23	13.160	36.244
63.72	3.86	9.531	35.202
36.06	-46.60	3.689	34.187
111.65	-29.90	7.388	34.495
89.42	-48.80	4.229	34.319
132.50	-37.51	8.072	34.526
55.57	-29.43	10.689	0.056
57.75	3.47	9.324	35.141
113.60	-54.02	2.155	34.698
65.64	19.55	11.020	35.603
126.45	-34.00	8.223	34.553
85.98	-44.20	7.758	34.509
28.00	-35.32	11.021	34.924
29.82	-48.09	3.201	34.220
60.94	-37.48	10.725	35.165
29.84	-43.45	4.518	34.321
54.34	12.66	11.185	35.667
93.60	-55.41	2.473	34.563
78.72	1.39	8.862	35.021
82.04	0.60	8.561	35.053
116.07	-37.97	8.406	34.570
66.74	10.48	9.958	35.337
53.12	-46.79	2.601	34.468
66.77	12.07	9.864	35.382
104.28	-49.62	2.396	34.671
65.62	-29.77	10.116	34.799
70.63	-26.36	9.644	34.731
69.43	-28.65	10.114	34.797
104.33	-14.21	6.733	34.662
142.98	-64.12	1.431	34.718
109.88	-21.21	5.941	34.567
71.71	0.85	8.749	35.055
123.85	-55.67	2.387	34.573
66.07	11.52	10.866	35.358
44.42	-12.14	9999.000	9999.000
110.55	-38.08	8.645	34.583
100.61	-23.82	8.573	34.595
55.25	-50.65	2.479	34.520
90.24	0.66	8.524	35.030
128.70	-52.93	2.992	34.392
47.10	-25.72	7.564	34.564
111.11	-57.02	2.277	34.676
116.20	-52.67	2.191	34.672
32.10	-46.14	2.819	34.263
100.88	-27.22	7.787	34.524
117.89	-54.65	2.440	34.536
22.48	-45.84	4.271	34.374
114.41	-15.90	6.538	34.637
110.38	-18.19	6.386	34.611
80.72	-42.53	10.055	34.760
65.30	-40.19	11.088	34.923
128.15	-62.04	2.020	34.711
92.65	5.46	8.599	35.015
105.39	-58.55	1.953	34.717
79.82	1.82	9999.000	9999.000
85.56	-18.32	7.359	34.511
117.75	-15.49	6.491	34.639
64.35	14.16	10.405	35.440
67.20	11.75	9.964	35.443
81.02	0.34	8.542	35.005
65.91	2.52	9.436	35.137
121.56	-55.27	2.363	34.598
113.03	-20.02	6.251	34.557
71.99	-21.27	8.970	34.649
78.67	-21.94	9.001	34.672
61.14	15.77	10.773	35.559
67.46	11.53	9.794	35.326
96.25	-0.10	8.632	35.006
121.51	-42.61	8.420	34.553
67.29	-22.98	9.462	34.710
25.69	-48.98	2.563	34.490
65.45	-15.77	6.193	34.552
44.64	-30.98	10.265	34.826
129.39	-59.57	2.211	34.670
29.46	-50.19	2.770	34.315
59.85	8.01	9.605	35.274
131.45	-60.89	2.254	34.658
52.38	-22.09	9.142	34.771
76.14	-23.50	9.150	34.687
65.98	10.35	9.946	35.447
138.74	-54.21	2.776	34.385
65.09	18.07	10.937	35.599
59.61	12.42	11.003	35.536
63.91	-14.04	6.893	34.709
113.36	-17.64	6.510	34.601
99.70	-35.64	8.699	34.602
95.52	-16.66	6.341	34.580
80.72	-41.73	9.278	34.651
131.82	-40.11	7.782	34.502
88.82	-39.67	8.137	34.558
79.32	-1.27	8.646	35.018
120.99	-45.98	8.738	34.588
114.17	-46.45	6.781	34.387
125.97	-44.91	7.852	34.508
36.19	-33.43	10.128	34.816
80.73	-43.28	7.421	34.497
37.91	19.94	9999.000	9999.000
143.47	-41.04	7.786	34.501
140.95	-49.62	6.527	34.392
60.05	22.55	11.221	35.641
72.31	-11.19	6.912	34.719
102.89	-42.73	8.753	34.590
50.29	-36.21	11.102	34.938
79.71	-23.70	8.622	34.613
82.73	-12.59	7.411	34.697
52.75	-11.43	7.492	34.830
106.54	-7.84	7.676	34.766
97.22	-54.64	2.179	34.694
83.87	11.55	8.601	35.004
66.08	-38.72	11.295	34.945
66.77	17.01	10.968	35.570
62.53	12.27	10.530	35.484
47.10	12.91	12.675	36.152
83.49	-13.56	7.321	34.779
137.46	-58.20	2.333	34.649
59.05	-30.13	9.870	34.768
77.75	-33.81	9.983	34.774
29.11	-52.33	2.109	34.783
51.36	-25.53	10.174	34.837
36.88	23.07	9999.000	9999.000
140.98	-46.77	8.274	34.524
137.16	-42.14	7.454	34.490
136.86	-39.35	7.786	34.500
104.02	-27.28	8.194	34.548
113.41	-22.33	6.231	34.543
91.69	-40.51	8.652	34.562
58.34	-13.36	7.057	34.712
124.79	-41.10	8.345	34.576
96.47	-33.09	8.716	34.606
75.84	-45.79	5.211	34.306
95.08	-1.64	8.256	34.978
86.35	-3.11	8.218	34.914
92.69	5.37	8.632	35.016
100.63	-56.12	2.157	34.685
39.91	18.74	9999.000	9999.000
86.19	4.20	8.854	35.022
93.55	1.83	8.586	35.012
78.48	-1.20	8.677	34.998
95.68	-36.17	9.428	34.688
138.03	-40.53	7.925	34.506
60.37	-29.92	10.300	34.824
126.82	-43.07	8.030	34.502
91.85	1.29	8.269	35.009
134.73	-45.53	8.045	34.516
69.62	-16.17	6.503	34.595
92.03	-16.38	6.951	35.521
99.61	-9.22	7.421	34.810
77.14	-4.81	7.557	34.813
78.37	-4.49	7.698	34.842
100.75	-4.71	7.733	34.864
41.72	-28.68	10.762	34.926
142.03	-40.22	7.501	34.488
98.53	-35.40	7.664	34.532
88.02	-11.76	7.099	35.015
85.82	-17.86	7.442	34.577
64.68	12.11	10.044	35.381
68.64	11.30	9.875	35.337
98.08	-17.65	6.545	34.630
22.50	-36.32	9.420	34.736
88.42	-17.41	6.551	34.736
75.27	-10.94	7.561	34.769
94.13	-13.85	7.267	34.694
91.33	-32.38	9.126	34.670
48.66	-29.08	9.904	34.797
144.67	-13.14	5.664	34.443
25.49	-37.00	12.027	35.124
74.27	1.51	8.552	35.045
42.29	-49.01	2.713	34.395
104.39	-35.24	8.552	34.590
84.39	-17.43	6.932	34.572
28.21	-42.25	5.612	34.373
103.85	-49.65	2.375	34.661
44.53	-32.78	11.114	34.935
119.07	-46.48	8.058	34.517
41.07	-22.09	8.098	34.688
33.57	-26.45	9999.000	9999.000
60.19	-23.24	9.918	34.797
80.87	-43.34	7.637	34.511
54.26	-33.04	11.244	34.980
80.83	-8.52	7.541	34.817
73.36	6.88	8.590	35.068
114.40	-36.23	9.421	34.697
129.95	-35.95	8.156	34.552
71.19	-52.78	2.420	34.547
54.04	-14.56	7.098	34.623
69.98	-31.37	10.362	34.833
65.80	-50.31	2.459	34.516
91.74	-49.77	2.797	34.304
52.86	-39.54	14.028	35.375
66.14	-45.65	2.684	34.375
44.30	-48.19	2.585	34.470
141.20	-41.20	7.821	34.512
136.64	-41.67	6.646	34.444
60.36	14.98	10.726	35.610
94.35	-55.57	2.443	34.572
87.85	-54.92	2.271	34.732
87.96	-58.44	2.103	34.695
94.72	-50.53	3.026	34.378
49.06	-20.89	8.566	34.639
112.88	-34.41	7.888	34.526
30.06	-37.37	12.213	35.094
88.48	12.83	8.339	35.951
85.38	15.75	8.669	35.359
91.17	12.55	8.488	34.990
88.41	-19.66	7.839	34.572
71.09	9.07	9.580	35.245
87.13	13.55	8.434	34.994
102.00	-9.94	6.872	34.737
99.76	-30.95	8.758	34.596
53.63	2.09	8.864	35.125
135.61	-50.65	4.697	34.306
76.96	-11.92	8.092	34.762
66.96	-16.26	6.938	34.794
44.64	1.63	9999.000	9999.000
101.26	-25.32	8.464	34.587
58.12	-3.92	7.582	34.870
122.51	-48.31	4.331	34.279
110.30	-40.39	8.665	34.591
104.26	-7.55	7.612	34.846
40.96	-15.85	8.248	34.735
84.01	-36.91	9.388	34.696
67.11	-53.09	2.459	34.543
64.14	8.52	9.338	35.238
98.34	-21.04	7.308	34.510
117.56	-60.24	2.194	34.716
115.53	-15.91	6.414	34.635
115.60	-37.93	8.290	34.575
134.62	-39.65	7.777	34.503
66.79	10.46	10.106	35.373
118.68	-13.94	6.540	34.625
91.81	-51.43	2.469	34.531
65.53	-43.55	8.979	34.664
59.40	-2.48	7.732	34.858
69.88	-20.40	8.298	34.580
95.69	-29.12	8.591	34.602
105.53	-37.47	8.586	34.580
56.08	-7.29	7.894	34.817
67.18	21.75	10.893	35.612
101.97	-24.16	8.140	34.580
75.90	-15.71	6.629	34.629
42.10	-21.61	7.930	34.706
83.72	15.70	8.405	34.994
46.19	-51.54	2.352	34.647
81.77	0.49	8.849	34.920
118.03	-14.48	6.610	34.616
138.66	-54.72	2.735	34.450
92.55	-10.92	6.886	34.676
91.29	-23.98	8.731	34.608
89.33	0.98	8.427	35.004
73.48	-28.22	9.355	34.701
103.85	-45.60	5.139	34.320
40.50	-37.47	11.924	35.043
68.00	6.32	9.579	35.217
87.08	-46.31	4.633	34.325
23.04	-50.62	2.192	34.645
121.83	-44.13	8.351	34.550
29.50	-51.17	2.443	34.576
20.75	-51.89	1.825	34.703
119.90	-39.18	8.231	34.543
56.73	-55.95	2.142	34.679
96.42	-37.71	9.020	34.634
97.60	-22.36	8.093	34.556
86.13	-3.04	9999.000	9999.000
104.61	-31.50	8.563	34.590
115.58	-35.68	8.640	24.082
61.40	-14.86	7.267	34.687
94.68	-53.97	2.369	34.585
97.61	-24.04	8.144	34.558
46.80	11.91	11.976	35.882
42.69	-45.46	2.989	34.299
68.19	14.56	10.329	35.471
53.99	-34.47	10.621	34.872
88.21	-42.98	6.868	32.967
105.74	-7.40	7.165	34.777
35.08	-48.73	2.461	34.557
82.07	4.45	8.805	35.014
65.48	16.24	10.873	35.565
84.12	-42.64	7.139	34.462
82.80	-46.60	2.681	34.321
48.75	-26.67	9.856	34.785
83.97	0.04	8.641	35.049
97.48	-54.47	2.153	34.698
38.28	-45.35	3.109	34.329
51.18	-41.39	4.160	34.228
95.96	-61.54	1.251	34.725
99.40	-27.43	8.335	31.040
96.22	-17.02	6.665	34.630
132.64	-42.09	7.642	34.482
40.52	-26.83	9.346	34.736
45.81	2.30	9999.000	9999.000
88.87	18.25	8.609	34.996
141.27	-61.84	1.805	34.722
120.51	-40.73	8.397	34.545
143.39	-64.99	0.815	34.690
78.77	2.70	8.924	35.066
56.44	-34.16	11.653	35.053
107.30	-64.28	0.233	34.641
42.26	-26.08	9.129	34.712
67.07	-11.69	7.641	34.759
39.27	-25.33	9.290	34.747
33.29	-39.10	6.080	34.432
53.17	7.97	9.487	35.234
43.55	-58.38	1.744	34.715
88.30	-20.21	8.030	34.544
101.54	-8.82	7.340	34.771
86.43	-19.63	7.910	34.575
88.92	-40.69	8.593	34.594
22.35	-49.17	2.524	34.490
110.93	-17.87	6.228	34.625
105.75	-35.02	8.910	34.616
65.09	-66.33	0.340	34.653
47.01	12.86	12.647	36.147
59.36	-6.62	7.903	34.823
20.78	-40.02	5.940	34.393
65.86	-1.20	8.453	35.018
87.82	-35.88	9.629	34.755
44.62	-5.04	8.458	35.092
92.59	-40.70	8.571	34.545
123.76	-56.48	2.407	34.589
82.20	-0.46	8.565	35.002
40.63	-48.25	2.470	34.551
114.75	-43.32	8.933	34.637
77.28	-17.28	6.689	34.617
72.10	-23.71	9.499	34.703
52.49	-9.28	7.924	34.789
85.23	-59.05	1.340	34.728
57.49	-12.33	7.007	34.711
110.53	-46.20	4.226	34.265
36.87	23.05	9999.000	9999.000
126.29	-56.77	2.445	34.578
81.70	-1.21	8.444	35.021
84.28	-3.94	7.919	34.858
109.89	-34.15	9999.000	9999.000
23.46	-47.79	2.561	34.384
23.46	-50.62	2.157	34.631
94.73	-33.18	9.123	34.643
109.93	-15.09	6.649	31.968
84.63	-0.92	8.325	35.024
52.16	-10.19	7.251	34.832
92.47	-15.00	6.733	34.664
116.00	-14.30	6.343	34.637
31.51	-65.63	0.668	34.683
71.42	9.98	9.903	35.300
132.88	-43.60	8.015	34.504
139.63	-41.10	8.450	34.556
68.85	10.67	9.449	35.282
90.00	-27.68	8.827	34.620
82.46	10.28	9999.000	9999.000
93.25	-50.05	3.828	34.291
130.00	-35.70	7.967	34.528
114.60	-47.89	4.789	34.338
143.11	-44.18	7.915	34.514
129.76	-40.06	7.795	34.497
47.58	-38.14	5.777	34.364
71.17	-52.78	2.426	34.539
98.49	-52.87	2.572	34.471
62.20	-38.36	9.570	34.735
35.76	-36.52	10.824	34.900
67.54	12.76	10.388	35.450
87.44	-54.88	2.301	34.721
65.55	19.50	11.013	35.603
87.64	-58.76	2.194	34.706
95.45	-55.79	2.464	34.597
139.31	-62.19	1.998	34.723
113.65	-31.61	6.265	36.250
103.55	-17.22	6.406	34.589
121.65	-49.58	4.175	34.263
103.70	-49.48	2.357	34.660
140.03	-39.32	7.976	34.506
32.97	-33.02	10.809	28.732
109.89	-34.15	7.796	34.539
61.15	9.18	10.539	36.157
92.65	5.28	8.688	35.018
119.00	-14.69	6.884	34.613
57.56	8.06	10.056	35.450
117.20	-41.54	8.406	34.659
141.07	-46.68	8.279	34.525
33.45	-30.03	9999.000	9999.000
47.33	12.23	13.100	36.244
37.46	-23.96	9.183	34.717
116.00	-13.76	6.674	34.633
53.52	-22.46	9.990	34.780
62.59	-1.27	8.416	34.986
94.67	-26.79	8.036	34.540
97.54	-10.67	7.022	34.709
85.14	4.63	8.837	35.026
89.00	15.54	8.644	35.008
55.75	-28.75	9.987	34.809
100.72	-39.11	8.915	34.627
98.36	-7.15	7.591	34.795
34.30	-42.88	4.607	34.322
61.07	-17.08	6.691	34.652
129.73	-57.73	2.359	34.605
70.30	-42.15	8.617	34.630
97.66	-12.46	7.188	34.649
61.63	0.25	9.028	35.102
138.79	-62.65	1.505	34.724
77.34	-25.02	9.439	34.695
83.14	-28.72	9.478	34.697
96.18	-39.20	8.654	34.612
67.22	10.50	9.968	35.340
138.36	-37.40	7.545	34.491
130.71	-36.64	8.444	34.592
144.41	-61.45	1.935	34.713
91.73	-35.75	8.745	34.613
109.00	-31.91	8.540	34.579
79.05	-21.34	9.011	34.666
136.59	-41.98	7.135	34.461
124.56	-41.96	8.138	34.523
83.24	2.64	8.918	35.027
86.74	-0.33	8.370	34.989
73.53	0.13	8.710	35.000
90.31	1.85	8.477	35.023
84.02	-9.53	6.906	34.720
98.82	-8.16	7.420	34.800
70.21	-11.64	7.048	34.724
66.88	14.25	10.681	35.499
98.79	-30.29	8.694	34.588
84.55	-45.38	8.861	34.645
49.30	-38.00	9.945	34.763
72.06	-8.94	8.153	34.828
103.33	-7.39	7.927	34.845
28.17	-45.48	3.107	34.191
20.02	-47.45	3.003	34.269
70.81	-37.06	10.209	34.805
38.88	-32.06	11.364	35.004
68.06	-54.65	2.426	34.545
115.85	-12.23	6.604	34.628
64.63	16.00	9999.000	9999.000
93.86	-63.92	0.975	34.720
73.50	-6.66	7.497	34.804
58.05	-38.12	11.310	34.957
113.88	-44.07	7.959	34.561
122.50	-38.12	8.223	28.261
69.55	17.86	10.846	0.000
85.44	-0.94	8.251	35.004
92.65	5.21	8.816	35.022
84.11	-12.26	7.473	34.707
32.37	-36.91	7.858	34.562
20.66	-36.00	9999.000	9999.000
49.41	-20.12	8.389	34.643
116.33	-55.12	2.265	34.632
37.85	19.73	9999.000	9999.000
81.75	-53.44	1.681	0.031
88.38	-41.46	9.061	35.003
107.57	-14.75	6.954	34.659
55.20	-42.03	4.826	34.291
50.13	-2.72	8.372	34.891
108.54	-24.86	7.224	34.505
66.23	-60.60	2.010	34.708
23.02	-45.43	3.988	34.324
66.17	11.26	9.966	35.352
95.42	-49.99	3.115	34.322
85.82	-56.45	2.247	34.706
97.77	-54.29	2.200	34.687
97.42	-29.11	8.567	34.579
39.22	-51.35	2.279	34.633
85.95	3.43	8.768	35.032
135.70	-50.41	4.854	34.317
42.93	-0.02	9999.000	9999.000
111.01	-34.62	6.976	34.471
74.06	-36.15	9.744	34.786
60.07	22.12	10.973	35.614
49.68	0.24	9.042	35.109
37.91	19.93	9999.000	9999.000
99.58	-26.21	8.627	34.607
68.85	-6.96	7.931	34.830
93.68	-29.04	8.854	34.623
99.31	-37.00	6.407	34.431
89.04	-37.37	8.866	34.635
69.80	18.55	11.106	35.715
89.66	0.30	8.594	35.007
68.26	15.70	10.556	34.769
67.92	17.29	9999.000	9999.000
75.82	-27.74	9.307	34.690
65.09	21.19	9999.000	9999.000
70.32	16.41	9999.000	9999.000
38.66	-31.55	3.398	5.433
109.46	-31.39	8.246	34.541
82.79	-13.38	7.434	34.722
67.42	17.13	9999.000	9999.000
77.18	-31.04	9.358	34.703
98.93	-45.59	4.275	34.292
65.12	14.03	10.707	35.481
72.17	14.14	10.380	35.402
119.71	-63.09	1.408	34.738
24.11	-41.01	5.464	34.401
107.71	-23.27	7.684	34.541
73.56	-41.35	8.515	34.604
131.03	-35.65	8.278	34.546
109.55	-42.18	8.685	34.586
90.68	-40.97	7.450	34.493
119.66	-41.31	8.703	34.589
78.28	-63.19	1.532	34.734
132.23	-58.26	2.309	34.622
99.39	-17.75	6.668	34.631
95.48	-64.52	0.188	34.621
85.62	-18.48	7.698	34.529
97.34	-52.77	2.766	34.520
73.33	-20.85	8.901	34.651
133.88	-39.36	8.826	34.630
102.51	-37.60	9.593	34.719
81.32	0.66	8.486	35.010
66.84	9.89	9.784	35.285
105.60	-20.85	6.940	34.541
32.30	-45.86	3.125	34.254
105.83	-12.79	7.175	34.656
61.00	15.70	10.760	35.538
42.01	-21.03	8.533	34.745
34.91	-36.70	11.389	34.998
101.18	-30.57	8.863	34.624
63.90	-6.35	8.383	34.905
101.14	-14.14	6.815	34.673
92.66	5.11	8.625	35.090
48.83	-35.92	10.180	34.818
60.40	0.64	8.971	35.098
101.03	-40.11	6.232	34.415
130.84	-34.99	8.147	34.545
42.98	-41.74	6.139	34.399
39.88	18.76	9999.000	9999.000
41.53	-34.30	10.231	34.835
129.80	-41.30	8.123	34.533
35.45	-50.42	2.276	34.618
52.24	-24.38	10.202	34.823
96.56	-55.92	2.466	34.604
144.73	-45.61	7.683	34.493
88.88	-11.17	7.080	34.683
62.77	11.81	10.393	35.482
125.82	-43.05	8.224	34.526
70.84	16.56	11.080	35.618
112.37	-46.54	8.008	34.690
75.23	-10.46	7.595	34.730
116.03	-53.34	2.380	34.602
87.06	-54.65	2.279	34.738
66.59	12.01	9.797	35.323
43.27	-30.38	9.974	30.820
68.73	-38.14	11.305	34.956
32.85	-42.82	5.032	34.362
87.23	-58.95	2.182	34.712
115.58	-37.27	5.468	34.395
84.08	-31.81	9.101	30.625
104.04	-49.27	2.372	34.660
83.85	11.63	8.756	35.009
56.13	1.78	8.857	35.178
106.85	-43.99	8.278	34.489
91.93	1.14	8.364	35.013
89.01	-51.31	2.491	34.462
96.43	-21.29	7.686	34.542
76.03	-22.65	8.828	34.634
108.20	-12.53	6.469	34.665
37.37	-26.46	10.205	34.826
136.99	-61.95	2.005	34.743
57.70	5.15	9.410	35.213
71.11	-52.74	2.413	34.563
51.97	-2.28	8.400	35.033
106.83	-34.98	8.921	34.567
78.37	-28.85	9.497	34.718
88.94	-28.45	8.775	33.105
104.07	-31.27	8.302	34.558
64.49	1.49	8.886	35.066
67.29	14.10	10.376	35.494
61.62	16.90	11.148	35.570
40.08	-51.96	2.133	34.674
129.96	-61.93	1.907	34.731
89.61	-57.17	2.135	34.687
69.97	-2.35	8.200	34.993
60.17	2.00	9.121	35.121
92.02	-16.41	6.782	35.478
92.62	4.98	8.648	35.064
67.25	21.68	10.839	35.607
77.81	4.41	9.073	35.050
47.32	12.25	13.033	36.212
77.06	-4.93	7.664	34.812
123.85	-61.60	1.949	34.725
66.70	17.95	11.061	35.575
78.06	-4.47	7.854	34.846
78.96	-1.61	8.779	34.993
111.52	-39.52	8.582	34.584
106.38	-53.03	2.280	34.614
103.70	-21.64	7.620	34.527
93.52	-6.80	7.858	34.833
31.51	-35.29	11.433	34.931
66.52	-13.24	7.097	34.728
73.34	-17.83	7.355	34.565
47.83	-23.73	8.853	34.654
114.77	-35.95	9.251	34.673
68.64	11.29	9.715	35.284
64.86	12.22	10.036	35.381
84.26	3.42	8.667	35.091
54.99	10.46	10.088	35.497
67.59	-14.45	7.047	34.724
115.83	-12.18	6.693	34.619
94.86	-28.06	8.107	34.487
64.68	-10.46	7.773	34.798
65.49	17.82	10.934	35.595
59.63	-28.29	10.057	34.798
71.72	-52.08	2.328	34.530
66.87	10.46	9.927	35.361
108.28	-31.46	8.196	34.550
98.14	-54.19	2.190	34.693
68.11	-58.78	2.099	34.694
100.79	-26.62	8.042	34.544
127.87	-48.68	8.200	34.546
81.68	-61.54	1.772	34.730
50.47	-18.71	8.362	34.614
91.15	-28.66	7.934	27.945
94.51	5.91	8.660	35.050
128.29	-49.26	5.829	34.378
89.03	-18.76	7.429	34.617
79.83	-23.94	8.825	34.629
140.47	-44.84	7.730	34.502
106.08	-12.43	7.379	34.690
57.46	-53.95	2.253	34.644
81.05	-6.84	7.537	29.373
45.42	-51.58	2.279	34.631
31.20	-48.62	3.451	34.212
78.93	2.23	9999.000	9999.000
120.82	-53.45	2.679	34.526
131.31	-48.04	7.477	34.400
79.38	-12.81	7.292	34.732
70.18	-16.61	6.685	34.580
79.52	-40.47	8.735	34.638
85.37	15.95	8.767	35.382
87.20	13.53	8.397	34.993
91.17	12.33	8.594	34.993
88.38	12.95	8.283	35.972
121.84	-43.47	8.210	34.727
110.21	-42.44	8.812	34.607
68.66	-11.06	7.378	34.753
86.34	-4.33	7.968	34.865
116.65	-41.57	8.268	34.549
56.96	10.46	10.184	35.945
136.71	-49.02	5.666	34.347
141.15	-46.56	8.162	34.513
76.75	-21.61	7.002	34.535
117.18	-14.65	6.567	34.633
46.94	11.83	12.023	35.873
79.17	-0.28	8.789	35.031
119.69	-36.20	8.394	34.577
74.22	-32.03	10.178	34.809
